   72.00     57.00     63.00     71.00     79.00     62.00     83.00     79.00     69.00     63.00     63.00     59.00
   55.00     54.00     65.00     66.00     77.00     66.00     83.00     86.00     64.00     71.00     69.00     61.00
   60.00     47.00     53.00     70.00     70.00     72.00     79.00     80.00     65.00     68.00     68.00     58.00
   66.00     51.00     59.00     64.00     78.00     79.00     84.00     75.00     72.00     65.00     55.00     62.00
   62.00     65.00     76.00     62.00     74.00     70.00     68.00     75.00     64.00     69.00     63.00     56.00
   60.00     50.00     62.00     72.00     72.00     65.00     72.00     81.00     79.00     74.00     73.00     63.00
   61.00     58.00     63.00     71.00     72.00     82.00     76.00     75.00     67.00     76.00     56.00     65.00
   55.00     53.00     62.00     68.00     69.00     74.00     82.00     69.00     73.00     84.00     67.00     57.00
   59.00     66.00     60.00     73.00     75.00     72.00     83.00     81.00     63.00     65.00     70.00     57.00
   70.00     51.00     68.00     75.00     75.00     67.00     71.00     75.00     74.00     71.00     64.00     62.00
   60.00     56.00     69.00     74.00     67.00     71.00     78.00     70.00     61.00     75.00     65.00     56.00
   62.00     50.00     70.00     84.00     75.00     80.00     78.00     71.00     75.00     63.00     70.00     59.00
   59.00     59.00     67.00     69.00     65.00     67.00     79.00     81.00     73.00     69.00     55.00     58.00
   60.00     61.00     67.00     73.00     76.00     78.00     68.00     86.00     60.00     63.00     57.00     65.00
   58.00     66.00     66.00     66.00     74.00     72.00     71.00     77.00     67.00     62.00     63.00     66.00
   56.00     66.00     67.00     64.00     75.00     78.00     71.00     73.00     73.00     78.00     64.00     71.00
   58.00     49.00     51.00     64.00     73.00     75.00     60.00     79.00     68.00     71.00     72.00     60.00
   57.00     49.00     60.00     74.00     76.00     80.00     73.00     68.00     67.00     68.00     67.00     58.00
   57.00     57.00     63.00     60.00     72.00     72.00     79.00     69.00     72.00     69.00     74.00     71.00
   66.00     59.00     64.00     67.00     78.00     70.00     86.00     70.00     67.00     78.00     64.00     55.00
   56.00     60.00     66.00     65.00     69.00     74.00     79.00     80.00     63.00     71.00     62.00     62.00
   62.00     58.00     56.00     61.00     77.00     64.00     74.00     82.00     72.00     64.00     63.00     60.00
   57.00     55.00     70.00     75.00     78.00     62.00     67.00     72.00     74.00     70.00     60.00     58.00
   50.00     55.00     69.00     75.00     89.00     75.00     71.00     74.00     80.00     72.00     68.00     66.00
   59.00     54.00     60.00     71.00     66.00     70.00     68.00     77.00     68.00     77.00     61.00     68.00
   55.00     65.00     66.00     66.00     79.00     75.00     78.00     73.00     72.00     78.00     66.00     64.00
   68.00     66.00     67.00     67.00     75.00     61.00     71.00     72.00     79.00     75.00     60.00     63.00
   46.00     71.00     65.00     66.00     70.00     67.00     78.00     70.00     65.00     79.00     69.00     58.00
   64.00     56.00     66.00     67.00     65.00     78.00     73.00     68.00     70.00     79.00     60.00     59.00
   57.00     58.00     74.00     67.00     68.00     74.00     76.00     75.00     68.00     73.00     70.00     60.00
   64.00     57.00     69.00     60.00     81.00     72.00     78.00     72.00     70.00     73.00     63.00     65.00
   59.00     57.00     75.00     70.00     72.00     71.00     80.00     68.00     79.00     80.00     67.00     72.00
   64.00     60.00     61.00     74.00     63.00     82.00     74.00     89.00     70.00     81.00     65.00     72.00
   63.00     56.00     71.00     70.00     83.00     63.00     84.00     78.00     79.00     69.00     62.00     69.00
   55.00     60.00     73.00     69.00     75.00     68.00     78.00     71.00     62.00     73.00     62.00     50.00
