   40.65
   52.18
   26.40
   24.88
   29.69
   21.52
   20.86
   46.61
   58.75
   27.56
   33.37
   33.87
   42.70
   36.53
   22.53
   26.93
   22.47
   20.38
   59.23
   27.91
   44.62
   38.18
   25.27
   25.97
   37.51
   20.91
   52.38
   38.08
   21.38
   49.93
   47.87
   25.76
   27.69
   19.31
   40.59
   19.14
   50.33
   47.42
   16.17
   15.83
   27.74
   37.65
   15.22
   50.53
   33.64
   46.99
   15.11
   26.98
   21.23
   17.24
   36.81
   18.00
   25.26
   28.69
   52.28
   34.06
   42.42
   35.84
   39.69
   18.70
   14.73
   39.76
   35.97
   44.72
   51.24
   34.89
   37.35
   52.05
   44.57
   27.42
   25.20
   18.78
   21.69
   45.15
   33.84
   47.26
   44.44
   27.11
   40.22
   36.24
   16.52
   24.79
   38.17
   30.09
   34.77
   51.85
   37.98
   13.69
   32.83
   45.65
   42.25
   23.49
   28.37
   28.76
   30.47
   43.18
   34.96
   20.48
   20.08
   45.34
   42.70
   32.68
   43.72
   39.43
   22.51
   28.47
   29.44
   17.08
   38.21
   57.32
   41.26
   20.85
   48.87
   28.05
   26.02
   35.30
   15.78
   45.41
   16.16
   29.62
   23.62
   38.25
   42.69
   24.01
   27.53
   31.70
   29.70
   14.82
   38.11
   29.97
   24.81
   34.93
   20.18
   40.76
   40.78
   23.04
   33.17
   42.41
   13.77
   30.09
   43.95
   23.55
   50.11
   34.23
   26.87
   35.52
   27.42
   48.30
   19.31
   31.36
   43.62
   37.67
   28.03
   27.01
   46.34
   32.03
   37.18
   22.77
   25.99
   30.91
   39.24
   21.85
   29.71
   40.99
   35.19
   44.40
   40.59
   39.68
   39.13
    9.52
   41.19
   35.16
   36.92
   21.43
   28.47
   40.34
   20.51
   27.48
   51.42
   37.05
   44.03
   35.44
   20.60
   31.49
   44.65
   27.75
   47.15
   37.73
   25.35
   27.78
   41.42
   31.58
   28.87
   23.39
   18.70
   31.47
   26.63
   44.03
   19.43
   29.03
   23.61
   48.83
   28.07
   24.15
   22.69
   34.12
   38.66
   61.08
   15.73
   37.63
   32.22
   36.25
   25.87
   25.54
   59.07
   41.50
   40.57
   25.98
   21.75
   30.90
   26.92
   38.68
   31.43
   29.54
   32.42
   17.76
   38.91
   27.88
   26.90
   26.24
   18.70
   19.94
   31.40
   14.43
   45.55
   46.58
   24.12
   46.12
   28.81
   21.64
   42.18
   32.63
   21.70
   33.63
   40.05
   41.02
   22.20
   41.71
   25.58
   37.66
   27.91
   28.78
   51.12
   44.40
   34.67
   25.76
   43.13
   43.46
   19.52
   29.32
   30.43
   49.28
   46.48
   23.61
   20.85
   39.05
   34.37
   49.55
   21.72
   25.67
   28.12
   52.06
   39.83
   23.15
   25.72
   44.16
   30.32
   19.62
   38.98
   40.82
   20.28
   51.87
   23.65
   39.72
   30.02
   40.21
   20.87
   37.50
   28.42
   32.86
   32.94
   34.51
   39.88
   24.17
   35.98
   40.01
   27.37
   14.08
   36.77
   38.00
   25.33
   32.39
   50.54
   34.29
   31.37
   31.37
   16.23
   46.74
   35.47
   37.20
   22.03
   54.02
   26.09
   38.96
   33.26
   46.15
   21.94
   34.96
   24.92
   37.75
   39.26
   17.46
   23.78
   17.26
   19.93
   37.53
   32.62
   24.60
   40.29
   40.98
   20.78
   26.30
   38.98
   41.41
   20.05
   35.54
   37.61
   30.04
   31.85
   22.59
   47.83
   44.46
   20.97
   23.49
   39.19
   33.40
   27.39
   38.99
   25.09
   43.40
   35.86
   19.03
   42.33
   37.71
   33.47
   23.47
   27.21
   22.52
   28.51
   32.46
   24.25
   37.09
   37.93
   35.59
   26.99
   28.96
   37.34
   46.44
   28.99
   23.02
   19.95
   20.20
   24.91
   49.77
   45.65
   29.32
   28.85
   33.19
   39.03
   28.26
   33.03
   28.16
   27.53
   44.13
   42.36
   41.84
   30.36
   22.02
   34.12
   35.99
   20.48
   39.93
   17.68
   45.29
   52.08
   25.59
   33.92
   27.02
   24.19
   32.40
   18.80
   34.53
   25.70
   35.87
   40.06
   26.05
   33.46
   26.38
   16.60
   49.74
   38.02
   17.56
   48.25
   51.63
   30.52
   29.15
   45.09
   34.74
   43.19
   32.73
   13.25
   31.60
   21.81
   50.21
   35.75
   39.81
   14.91
   37.71
   36.49
   34.60
   17.27
   36.55
   28.03
   29.76
   33.16
   30.96
   55.70
   27.11
   28.24
   44.38
   25.30
   42.93
   30.29
   45.62
   21.91
   24.45
   21.60
   30.42
   48.29
   12.36
   29.82
   59.26
   38.01
   22.74
   18.93
   30.63
   15.18
   44.20
   44.24
   21.82
   20.04
   31.39
   21.44
   24.22
   21.98
   18.05
   36.68
   31.36
   27.33
   27.27
   28.12
   30.98
   24.59
   19.92
   45.47
   45.77
   56.23
   29.29
   21.60
   39.76
   27.55
   24.16
   20.74
   53.27
   27.79
   38.76
   36.78
   23.28
   36.49
   34.40
   20.72
   50.65
   35.49
   25.92
   12.19
   31.27
   33.76
   28.71
   32.06
   24.38
   54.60
   48.69
   29.53
   31.04
   44.20
   28.08
   47.38
   23.94
   39.54
   20.88
   49.07
   21.44
   42.07
   48.10
   23.23
   50.13
   42.44
   34.68
   27.60
   28.01
   23.80
   46.90
   27.76
   36.43
   42.73
   23.00
   25.09
   42.11
   32.95
   53.65
   43.29
   29.65
   47.75
   45.78
   34.55
   44.84
   32.22
   20.25
   31.81
   16.50
   48.82
   25.48
   25.21
   33.22
   38.18
   27.40
   31.30
   24.02
   46.20
   19.70
   45.23
   28.33
   18.83
   48.27
   35.49
   25.17
   37.49
   25.64
   25.16
   50.23
   26.50
   48.06
   15.36
   29.44
   38.25
   27.55
   26.08
   46.53
   25.57
   35.73
   32.84
   35.72
   22.40
   28.61
   25.26
   21.56
   32.89
   41.60
   37.19
   33.85
   28.23
   26.96
   23.46
   27.50
   22.25
   51.53
   34.11
   22.28
   53.36
   23.93
   42.19
   52.56
   48.97
   27.92
   21.36
   19.74
   60.18
   30.35
   17.45
   23.65
   30.60
   16.71
   17.13
   28.28
   23.23
   17.07
   34.75
   33.51
   44.33
   30.44
   42.47
   29.85
   28.78
   21.33
   26.14
   48.73
   28.23
   27.55
   42.43
   22.66
   43.52
   30.74
   37.87
   23.05
   22.92
   34.35
   26.66
   16.00
   33.17
   32.74
   37.96
   22.68
   27.68
   42.46
   50.03
   44.09
   28.66
   41.27
   43.98
   34.88
   28.76
   41.13
   47.89
   35.06
   22.26
   12.75
   22.54
   22.71
   26.41
   31.15
   21.74
   44.88
   43.11
   25.12
   24.21
   34.60
   56.14
   31.91
   40.89
   23.55
   43.12
   27.26
   46.50
   32.81
   25.68
   30.27
   34.34
   43.68
   23.92
   53.41
   41.68
   21.56
   38.42
   45.75
   24.94
   14.14
   39.05
   21.43
   23.55
   45.53
   52.23
   45.56
   33.57
   50.49
   21.10
   15.54
   23.35
   26.09
   28.60
   41.84
   41.32
   25.65
   49.93
   32.38
   24.61
   31.22
   21.61
   61.54
   33.73
   47.32
   29.94
   24.06
   31.85
   28.73
   49.24
   36.63
   42.40
   24.80
   40.39
   16.82
   52.96
   20.50
   24.69
   42.93
   37.72
   27.35
   27.95
   49.20
   40.09
   13.44
   60.81
   26.78
   14.15
   14.86
   40.36
   29.79
   41.96
   41.45
   39.47
   18.25
   41.79
   56.67
   35.63
   48.77
   32.83
   15.94
   33.43
   28.32
   34.34
   28.96
   30.83
   20.80
   48.15
   27.22
   29.53
   43.04
   24.80
   24.83
   50.24
   54.47
   50.46
   43.87
   38.09
   43.81
   36.04
   43.76
   45.55
   30.35
   40.38
   36.68
   43.25
   19.50
   37.36
   35.71
   27.32
   23.99
   40.64
   27.49
   29.48
   48.74
   20.89
   41.40
   31.09
   22.88
   30.69
   41.60
   19.20
   37.22
   35.20
   45.94
   27.51
   26.62
   30.87
   36.47
   42.91
   35.45
   40.14
   43.79
   20.52
   36.19
   22.73
   20.76
   33.62
   41.30
   38.65
   26.75
   24.41
   47.57
   43.43
   25.44
   40.17
   25.10
   34.07
   25.53
   42.11
   38.38
   11.57
   15.58
   49.60
   12.94
   36.38
   42.35
   40.53
   45.66
   32.61
   23.49
   26.58
   49.39
   38.40
   27.63
   44.26
   33.71
   39.04
   42.44
   37.24
   19.05
   33.99
   20.65
   35.34
   54.88
   48.92
   21.19
   22.70
   31.11
   37.87
   22.58
   32.17
   43.87
   30.48
   27.64
   30.77
   30.01
   23.32
   46.56
   45.64
   34.66
   25.18
   23.93
   45.35
   31.37
   26.14
   45.50
   29.12
   37.64
   29.35
   44.20
   26.07
   39.57
   46.61
   21.15
   26.34
   31.07
   23.06
   26.53
   39.55
   39.20
   27.92
   23.02
   40.44
   51.00
   45.66
   37.71
   36.74
   21.86
   23.60
   34.31
   36.59
   18.67
   47.28
   44.12
   40.85
   28.24
   29.78
   31.32
   31.06
   38.96
   30.51
   28.77
   32.80
   53.30
   14.30
   25.78
   19.86
   22.33
   40.81
   23.91
   49.07
   47.41
   16.82
   40.23
   30.48
   33.46
   14.84
   40.60
   22.73
   34.60
   23.14
   43.42
   24.37
   51.39
   39.75
   23.86
   40.58
   21.99
   21.35
   36.15
   47.97
   25.35
   32.39
   26.15
   35.62
   36.34
   28.81
   40.92
   11.76
   22.11
   20.17
   28.96
   19.04
   26.63
   21.03
   25.90
   41.64
   48.62
   32.50
   27.98
   21.22
   39.66
   30.95
   28.61
   53.67
   12.41
   24.73
   45.93
   39.37
   19.12
   35.50
   31.05
   51.78
   25.10
   36.08
   28.78
   35.58
   50.89
   22.48
   37.91
   25.03
   24.48
   40.37
   18.41
   33.05
   18.96
   46.31
   40.05
   31.42
   36.40
   28.53
   46.71
   19.16
   26.79
   47.17
   25.41
   45.87
   23.83
   15.05
   39.79
   36.85
   21.73
   20.14
   48.06
   31.35
   50.41
   16.64
   15.90
   39.54
   42.69
   33.27
   18.40
   36.25
   24.13
   39.25
   51.15
   49.33
   25.08
   38.18
   35.49
   30.21
   40.08
   31.33
   41.85
   21.17
   43.57
   23.11
   37.28
   34.59
   42.72
   19.29
   23.81
   30.08
   37.02
   33.03
   29.56
   32.87
   21.46
   28.42
   45.25
   16.49
   53.32
   49.42
   23.67
   28.75
   38.68
   43.63
   25.86
   27.46
   20.79
   26.29
   22.86
   47.83
   26.96
   39.04
   28.61
   30.52
   33.68
   39.98
   19.26
   26.34
   34.09
   24.44
   36.93
   36.50
   24.01
   43.85
   32.99
   26.45
   35.52
   47.26
   18.22
   21.87
   26.56
   31.30
   41.46
   24.10
   16.41
   19.36
   32.81
   30.70
   26.43
   37.57
   18.29
   21.47
   33.64
   31.32
   33.10
   29.42
   24.27
   44.06
   40.95
   25.04
   41.37
   27.40
   42.40
   51.80
   38.52
   34.67
   26.57
   23.13
   26.10
   33.59
   44.72
   50.96
   25.27
   23.39
   16.01
   47.52
   51.51
   21.37
   19.10
   30.35
   29.80
   20.34
   19.62
   46.01
   12.96
   49.17
   45.67
   36.76
   26.82
   44.32
   18.93
   31.86
   45.93
   21.06
   20.03
   24.97
   27.66
   38.62
    9.68
   23.27
   30.29
   46.53
   25.54
   28.99
   33.02
   25.03
   49.42
   24.38
   40.43
   22.27
   25.99
   47.87
   48.25
   39.35
   42.69
   24.75
   20.55
   18.01
   46.87
   14.79
   19.92
   29.52
   26.57
   32.22
   48.03
   37.53
   33.57
   41.72
   43.99
   21.81
   49.18
   45.18
   23.97
   29.60
   56.17
   25.55
   34.85
   28.57
   43.18
   30.07
   12.45
   25.52
   35.18
   25.12
   50.36
   45.55
   20.29
   34.83
   48.81
   51.61
   25.56
   21.71
   24.96
   35.29
   16.97
   18.81
   20.97
   21.55
   42.18
   16.87
   35.70
   14.19
   60.24
   18.91
   18.78
   21.43
   36.72
   41.41
   36.44
   47.29
   44.43
   39.93
   23.51
   17.93
   38.33
   53.48
   25.93
   46.64
   39.19
   28.65
   59.53
   37.28
   19.85
   27.27
   17.01
   39.92
   25.73
   39.74
   30.64
   36.20
   43.57
   39.64
   32.82
   19.10
   36.48
   20.67
   44.12
   33.30
   36.69
   31.28
   29.08
   33.64
   26.12
   48.61
   19.84
   39.69
   36.17
   24.59
   40.19
   28.53
   51.27
   36.49
   26.34
   41.38
   29.95
   29.47
   20.36
   47.76
   31.71
   44.05
   21.78
   51.48
   28.11
   35.70
   53.62
   26.14
   27.49
   20.67
   26.94
   34.16
   46.49
   24.10
   39.61
   43.88
   34.92
   38.35
   31.40
   32.91
   22.67
   27.87
   38.07
   23.09
   23.38
   41.87
   36.93
   39.42
   20.47
   23.68
   35.60
   26.57
   26.35
   21.79
   34.37
   41.03
   25.88
   46.57
   40.11
   35.65
   24.83
   39.56
   30.73
   30.26
   20.90
   32.50
   37.03
   37.14
   22.75
   24.20
   15.70
   32.25
   28.82
   44.11
   18.82
   18.68
   38.93
   38.63
   46.88
   16.37
   30.87
   41.77
   25.61
   28.56
   48.04
   41.27
   33.40
   23.95
   40.33
   26.19
   33.74
   32.42
   51.13
   18.40
   35.47
   23.09
   43.89
   33.71
   30.55
   21.48
   45.66
   37.22
   18.73
   29.65
   32.01
   53.42
   19.14
   42.30
   38.43
   28.32
   17.54
   47.56
   24.07
   22.19
   42.44
   32.86
   41.79
   28.69
   31.55
   15.58
   41.78
   41.81
   20.38
   20.90
   22.43
   34.81
   38.22
   31.04
   46.04
   23.23
   26.10
   27.08
   21.68
   35.60
   60.66
   16.97
   25.58
   30.43
   32.40
   47.26
   36.22
   28.80
   28.22
   39.11
   21.68
   37.38
   40.97
   41.64
   31.33
   24.79
   25.47
   46.08
   24.93
   35.34
   38.56
   47.08
   28.08
   32.97
   18.86
   33.11
   38.78
   28.24
   39.08
   39.01
   37.57
   29.42
   38.15
   33.41
   44.34
   26.82
   61.18
   26.78
   16.19
   40.39
   17.32
   32.07
   36.96
   47.03
   39.24
   36.27
   34.30
   14.42
   18.07
   22.92
   44.82
   25.51
   30.75
   42.12
   27.77
   22.06
   27.24
   20.89
   21.93
   23.00
   49.00
   30.51
   34.25
   32.00
   20.84
   28.40
   27.25
   26.28
   16.29
   39.68
   27.02
   37.06
   43.99
   31.26
   42.37
   43.97
   17.94
   28.59
   41.44
   37.72
   49.13
   31.62
   33.37
   28.28
   26.46
   44.41
   37.08
   33.54
   29.45
   42.35
   42.35
   41.83
   21.34
   20.73
   38.17
   49.99
   42.02
   21.21
   21.09
   35.42
   48.04
   33.77
   29.99
   36.54
   41.94
   20.82
   41.77
   44.91
   44.38
   39.80
   27.55
   29.48
   38.30
   33.56
   44.94
   24.97
   35.17
   42.88
   39.21
   15.06
   48.50
   24.07
   24.15
   26.47
   42.19
   39.88
   22.28
   23.53
   40.10
   35.87
   29.36
   37.98
   38.47
   33.27
   23.89
   28.71
   43.67
   43.59
   12.54
   26.09
   47.43
   17.85
   28.24
   31.38
   21.10
   19.30
   24.38
   51.58
   38.24
   38.66
   30.97
   42.06
   33.11
   18.09
   17.54
   26.51
   25.50
   30.08
   44.91
   42.54
   30.06
   36.14
   26.41
   42.96
   22.66
   37.26
   26.67
   24.86
   26.44
   22.42
   25.77
   45.14
   44.14
   43.09
   39.64
   26.87
   21.32
   23.28
   52.88
   27.80
   31.81
   53.72
   33.82
   32.54
   41.82
   18.20
   37.00
   25.40
   25.04
   29.61
   20.09
   27.79
   14.75
   44.44
   24.56
   31.52
   37.50
   24.09
   42.37
   20.19
   37.72
   30.56
   40.81
   27.06
   31.96
   38.08
   21.12
   20.15
   36.10
   30.71
   23.73
   34.11
   32.88
   38.82
   46.53
   30.74
   51.63
   39.53
   16.52
   23.03
   30.09
   44.36
   46.27
   20.11
   42.00
   20.52
   27.02
   27.87
   48.90
   43.16
   31.54
   49.30
   29.42
   35.34
   26.49
   42.27
   28.58
   12.57
   28.29
   27.99
   29.39
   29.84
   37.02
   24.20
   42.67
   30.01
   30.37
   23.91
   17.09
   28.47
   17.17
   33.53
   31.24
   45.81
   50.09
   46.33
   25.31
   31.21
   23.56
   16.65
   16.89
   25.74
   41.00
   21.48
   27.54
   30.80
   46.33
   26.10
   22.16
   25.73
   14.84
   30.30
   28.99
   32.05
   23.29
   42.59
   17.90
   31.71
   36.94
   42.90
   34.14
   37.98
   27.98
   36.59
   26.98
   41.05
   38.98
   38.17
   34.38
   43.85
   29.28
   35.21
   17.66
   28.79
   27.58
   32.65
   32.47
   37.25
   55.42
   26.59
   41.73
   30.91
   40.71
   25.01
   26.30
   20.85
   38.14
   22.12
   27.16
   21.93
   30.70
   29.83
   37.61
   45.20
   33.07
   39.86
   21.26
   17.89
   41.77
   34.98
   46.79
   14.25
   37.75
   38.22
   25.78
   34.73
   19.00
   50.89
   22.58
   19.94
   47.06
   26.05
   39.55
   45.74
   48.30
   27.18
   14.33
   38.24
   38.03
   51.75
   53.07
   32.87
   50.89
   15.41
   28.37
   26.46
   19.57
   49.21
   23.58
   23.41
   41.00
   45.16
   33.39
   23.63
   14.41
   42.63
   56.61
   31.62
   43.95
   18.64
   31.92
   24.73
   35.86
   42.79
   35.18
   19.69
   22.76
   24.65
   51.24
   41.66
   50.31
   16.54
   32.22
   27.86
   25.02
   42.73
   44.18
   21.56
   39.64
   25.03
   39.54
   43.56
   39.67
   48.19
   40.65
   44.19
   39.69
   19.76
   25.24
   26.57
   41.30
   40.71
   51.92
   17.29
   34.65
    9.82
   38.70
   22.25
   36.18
   25.48
   43.96
   55.29
   31.45
   30.37
   15.45
   31.38
   16.25
   30.20
   34.05
   35.98
   43.88
   23.96
   39.29
   27.55
   17.33
   42.29
   54.43
   37.08
   31.00
   41.99
   47.22
   31.53
   27.83
   44.31
   19.73
   20.89
   31.60
   40.34
   23.82
   48.68
   25.41
   30.10
   38.43
   32.87
   28.62
   35.26
   51.55
   18.00
   30.22
   39.53
   27.17
   30.28
   29.67
   22.84
   26.33
   51.03
   25.48
   38.25
   25.47
   31.13
   36.71
   26.39
   56.80
   34.56
   29.24
   15.23
   34.10
   29.79
   20.29
   24.22
   51.26
   28.47
   44.53
   24.88
   16.87
   22.89
   51.69
   25.75
   18.07
   43.87
   47.47
   47.41
   23.16
   19.13
   27.80
   40.78
   55.78
   20.70
   41.71
   36.04
   42.69
   24.10
   50.22
   45.20
   30.29
   36.50
   30.29
   22.67
   23.01
   33.81
   43.67
   29.81
   17.20
   50.47
   22.81
   23.40
   41.48
   39.76
   36.97
   53.44
   19.87
   22.86
   37.94
   31.43
   22.36
   40.58
   34.61
   24.28
   25.90
   36.66
   47.69
   24.54
   24.39
    9.22
   20.77
   31.65
   51.59
   18.29
   20.00
   21.31
   29.67
   17.83
   22.82
   46.25
   44.02
   29.47
   31.86
   34.31
   38.05
   30.94
   42.06
   14.33
   35.86
   48.11
   47.28
   19.64
   28.24
   42.89
   25.30
   42.78
   32.80
   27.52
   22.72
   49.25
   16.94
   34.04
   33.36
   31.69
   32.10
   33.39
   22.62
   26.38
   22.93
   41.64
   48.28
   23.38
   25.13
   38.21
   32.74
   37.59
   44.08
   32.41
   43.68
   13.65
   30.55
   24.36
   42.20
   53.54
   22.64
   43.03
   35.04
   28.57
   29.07
   18.05
   42.58
   17.67
   54.17
   25.85
   17.97
   42.29
   42.05
   38.73
   22.63
   29.76
   40.64
   42.51
   19.23
   29.72
   23.66
   25.29
   28.56
   46.57
   38.98
   52.60
   35.01
   47.56
   16.84
   25.82
   25.37
   34.99
   14.84
   56.32
   51.15
   46.89
   38.15
   40.22
   53.72
   22.59
   37.85
   45.96
   29.76
   37.80
   18.59
   37.49
   37.74
   24.14
   32.02
   36.74
   41.01
   19.45
   16.71
   33.09
   45.21
   19.17
   30.79
   25.72
   22.57
   25.37
   31.81
   27.81
   27.69
   15.72
   18.78
   27.93
   48.67
   50.10
   23.67
   14.21
   26.86
   32.03
   49.50
   41.04
   23.67
   20.91
   16.05
   37.34
   40.31
   55.33
   22.86
   45.03
   18.90
   52.71
   25.87
   24.72
   33.65
   23.81
   24.49
   45.62
   25.21
   31.97
   36.33
   35.88
   26.10
   37.92
   52.38
   29.65
   46.56
   36.12
   28.39
   44.04
   22.70
   18.14
   24.30
   34.48
   40.69
   27.68
   41.39
   20.65
   52.27
   25.07
   28.50
   47.16
   30.91
   24.26
   49.78
   33.45
   16.40
   19.59
   29.43
   36.42
   46.42
   30.62
   56.73
   36.55
   31.13
   53.12
   35.19
   45.15
   29.51
   35.69
   23.19
   48.18
   16.83
   31.48
   44.72
   37.11
   19.33
   50.47
   28.95
   21.93
   27.22
   44.28
   32.79
   36.87
   41.36
   12.38
   40.49
   35.07
   20.17
   29.86
   23.38
   50.12
   40.22
   30.55
   20.64
   39.23
   34.56
   50.14
   32.31
   21.69
   21.90
   25.11
   49.56
   31.55
   42.97
   45.34
   35.90
   24.80
   25.24
   19.96
   29.84
   43.13
   26.21
   42.58
   32.90
   49.07
   49.62
   38.27
   28.51
   17.59
   21.13
   25.74
   36.37
   23.29
   40.58
   30.72
   21.54
   27.73
   31.44
   20.39
   51.03
   18.32
   25.68
   34.35
   20.16
   20.69
   30.31
   39.53
   27.49
   37.54
   53.51
   16.82
   34.56
   36.37
   22.44
   41.35
   24.17
   36.78
   47.00
   32.96
   22.02
   34.86
   12.46
   19.17
   30.55
   17.98
   39.80
   41.33
   31.48
   22.17
   47.26
   23.97
   36.55
   28.85
   38.65
   20.60
   26.63
   25.09
   42.85
   22.85
   26.77
   34.29
   42.88
   36.17
   35.42
   39.03
   38.05
   31.26
   24.30
   18.19
   16.82
   23.38
   36.29
   32.85
   20.50
   29.81
   29.58
   18.89
   40.34
   44.54
   45.46
   27.36
   43.90
   20.68
   38.51
   29.91
   33.00
   36.97
   21.41
   19.94
   26.25
   49.77
   36.37
   31.91
   47.51
   39.56
   27.26
   51.98
   18.56
   18.73
   33.19
   24.83
   26.34
   37.46
   43.33
   46.76
   24.01
   18.62
   20.19
   34.13
   20.29
   24.00
   50.62
   36.64
   44.39
   18.52
   47.75
   26.58
   34.85
   26.57
   31.22
   19.27
   42.62
   17.40
   37.17
   27.20
   17.94
   23.99
   29.24
   47.72
   27.05
   30.05
   15.63
   15.56
   33.00
   42.20
   38.84
   42.51
    9.91
   29.63
   25.38
   18.34
   45.82
   25.89
   33.00
   45.21
   17.52
   16.09
   26.59
   49.44
   23.79
   18.93
   32.22
   31.19
   23.30
   29.55
   20.57
   32.44
   24.34
   24.28
   28.73
   23.82
   33.09
   43.34
   40.12
   22.72
   22.83
   47.73
   39.65
   21.24
   25.39
   46.00
   24.83
   20.56
   23.10
   28.66
   39.31
   27.82
   20.83
   30.46
   39.10
   33.23
   40.76
   54.54
   46.16
   50.89
   13.56
   38.86
   53.60
   24.26
   23.46
   63.62
   39.04
   24.49
   19.65
   15.81
   30.79
   41.72
   31.18
   20.86
   44.63
   14.58
   29.53
   45.37
   55.14
   38.24
   20.71
   47.01
   40.25
   49.62
   23.62
   28.09
   41.77
   18.64
   47.00
   39.51
   36.33
   51.50
   21.24
   18.22
   19.25
   29.48
   22.31
   42.06
   41.14
   24.86
   34.29
   24.73
   18.31
   18.17
   42.96
   32.62
   37.12
   47.84
   24.50
   27.29
   34.17
   26.89
   31.90
   38.17
   22.31
   30.18
   27.84
   25.43
   28.98
   47.67
   37.52
   37.23
   32.06
   14.27
   28.12
   54.08
   26.56
   25.88
   24.24
   41.40
   33.09
   27.58
   35.70
   22.79
   26.85
   22.06
   50.40
   51.65
   24.25
   46.17
   37.93
   23.83
   28.78
   18.68
   36.96
   22.83
   27.49
   35.74
   28.85
   51.46
   48.72
   60.01
   35.97
   47.90
   28.39
   29.58
   38.67
   25.92
   40.60
   35.72
   27.79
   19.77
   31.89
   60.78
   31.95
   52.41
   25.86
   21.49
   38.46
   54.79
   42.67
   54.98
   46.71
   26.10
   21.08
   47.18
   36.14
   30.68
   19.58
   60.23
   55.00
   50.72
   36.02
   30.27
   37.85
   27.77
   18.32
   40.63
   31.97
   38.29
   20.34
   18.15
   29.69
   18.18
   23.45
   47.28
   35.47
   28.14
   25.51
   18.39
   43.74
   33.83
   41.31
   18.76
   40.82
   52.73
   41.05
   20.45
   27.89
   45.29
   34.50
   12.49
   53.96
   21.62
   42.56
   34.41
   20.57
   26.75
   32.49
   38.59
   41.79
   14.03
   30.39
   18.49
   23.07
   49.44
   19.13
   21.70
   22.17
   28.60
   48.01
   27.73
   21.41
   15.37
   40.08
   46.84
   47.71
   31.01
   41.97
   13.73
   25.60
   21.03
   24.53
   32.54
   27.29
   42.55
   33.74
   33.39
   25.16
   11.24
   21.60
   28.80
   15.53
   22.05
   25.86
   35.13
   28.98
   45.49
   36.20
   23.07
   20.66
   43.14
   39.51
   20.56
   33.98
   19.86
   45.24
   52.62
   32.63
   47.00
   50.23
   41.06
   18.57
   34.75
   25.24
   47.53
   49.60
   23.88
   24.56
   46.75
   16.38
   35.50
   42.95
   29.99
   20.37
   28.38
   50.32
   48.35
   17.63
   31.99
   47.78
   18.97
   45.32
   19.94
   29.21
   48.22
   53.53
   22.04
   42.79
   48.97
   40.31
    9.04
   26.13
   50.45
   43.02
   26.80
   22.52
   29.39
   34.76
   25.46
   22.70
   53.28
   26.80
   29.48
   50.11
   33.06
   21.96
   26.57
   23.16
   29.16
   23.07
   39.01
   41.61
   15.55
   37.21
   25.80
   38.78
   46.12
   29.54
   16.21
   21.30
   22.55
   29.77
   17.84
   44.53
   13.70
   39.16
   43.22
   35.21
   17.71
   33.06
   43.28
   43.49
   40.15
   23.64
   12.32
   28.47
   53.22
   22.74
   44.01
   41.68
   33.40
   29.63
   19.41
   32.27
   17.40
   28.50
   42.52
   39.19
   29.79
   26.25
   34.72
   48.94
   38.68
   52.52
   46.68
   20.11
   20.35
   27.61
   26.45
   25.34
   45.22
   30.03
   46.69
   42.90
   46.53
   50.67
   34.61
   19.35
   19.83
   36.93
   47.58
   44.36
   35.49
   32.46
   22.88
   46.89
   39.58
   19.31
   30.28
   50.75
   17.71
   45.76
   47.20
   22.70
   25.57
   40.78
   26.80
   29.12
   29.12
   46.96
   45.65
   34.23
   38.47
   50.69
   20.16
   36.99
   16.35
   37.03
   26.19
   19.00
   38.23
   37.45
   18.83
   44.89
   25.07
   28.30
   21.72
   23.69
   33.66
   25.47
   51.05
   43.04
   23.07
   25.00
   38.93
   30.47
   40.56
   43.78
   25.18
   32.37
   37.66
   30.79
   25.84
   22.52
   40.33
   50.94
   21.83
   30.50
   26.88
   52.14
   33.28
   53.18
   32.86
   20.05
   37.18
   21.33
   50.00
   44.31
   34.24
   26.56
   41.29
   45.48
   31.85
   32.79
   28.84
   28.55
   26.54
   14.37
   31.77
   28.38
   40.35
   24.96
   24.41
   27.46
   48.62
   26.43
   14.07
   49.41
   30.00
   21.68
   34.50
   30.78
   36.06
   37.08
   26.41
   38.88
   37.84
   36.64
   51.84
   15.49
   41.81
   24.95
   40.81
   28.40
   24.16
   39.17
   16.40
   19.68
   36.78
   18.49
   35.29
   47.92
   44.68
   31.87
   31.83
   21.76
   42.25
   38.24
   25.68
   27.11
   46.97
   40.45
   31.68
   19.69
   12.51
   18.61
   29.14
   26.88
   23.81
   48.47
   45.10
   46.62
   29.05
   24.32
   23.39
   22.84
   39.75
   39.87
   37.49
   17.10
   30.29
   34.80
   21.83
   43.38
   40.83
   35.28
   40.24
   12.99
   35.17
   35.71
   32.72
   47.62
   36.11
   30.30
   43.51
   31.08
   34.53
   50.24
   28.76
   35.03
   41.23
   32.12
   23.91
   50.37
   32.09
   29.67
   32.41
   34.31
   29.23
   34.79
   42.95
   44.88
   32.88
   37.05
   42.13
   39.68
   23.60
   16.08
   43.12
   41.14
   22.02
   38.89
   36.04
   32.64
   37.31
   38.80
   31.79
   40.81
   48.58
   30.28
   52.15
   17.90
   22.86
   28.40
   34.33
   44.56
   44.42
   19.26
   54.89
   42.49
   46.96
   11.92
   22.68
   21.78
   17.19
   42.87
   30.37
   44.14
   23.17
   44.02
   34.67
   32.20
   44.88
   23.03
   36.02
   19.78
   46.26
   48.45
   31.43
   22.35
   30.68
   18.57
   22.17
   45.80
   38.78
   25.74
   25.20
   34.82
   33.64
   23.11
   55.87
   59.85
   17.08
   34.04
   41.67
   50.65
   17.46
   21.92
   30.17
   30.35
   23.50
   38.96
   18.01
   52.27
   45.75
   30.35
   48.40
   39.60
   20.82
   31.48
   18.82
   47.16
   54.90
   19.93
   31.29
   39.79
   24.47
   18.66
   52.74
   36.58
   34.75
   25.32
   41.21
   19.02
   19.84
   28.66
   46.51
   24.93
   46.47
   35.87
   24.47
   30.49
   46.01
   46.50
   24.27
   17.60
   16.69
   51.62
   28.64
   48.42
   32.99
   29.19
   37.41
   47.83
   42.14
   29.70
   28.08
   21.85
   32.44
   28.48
   14.90
   29.46
   42.51
   34.92
   25.73
   28.39
   25.79
   38.43
   38.04
   17.38
   32.73
   31.54
   33.87
   40.63
   22.43
   15.09
   33.61
   47.51
   27.15
   29.52
   32.17
   23.43
   24.94
   28.44
   38.81
   45.54
   45.26
   31.75
   24.69
   31.95
   40.96
   31.12
   26.65
   24.60
   35.82
   48.86
   48.63
   27.52
   44.92
   19.65
   36.70
   26.27
   47.06
   25.17
   22.27
   34.54
   15.82
   18.78
   28.18
   18.12
   27.33
   45.44
   33.63
   28.16
   25.14
   48.11
   39.59
   35.05
   25.87
   23.97
   22.35
   49.12
   28.30
   23.69
   18.77
   49.02
   28.50
   35.07
   46.54
   47.46
   19.87
   35.49
   29.23
   35.22
   21.13
   42.98
   24.59
   41.69
   40.78
   21.13
   28.01
   23.20
   16.58
   42.04
   32.04
   43.08
   13.78
   34.53
   29.66
   35.65
   25.74
   39.00
   48.63
   38.93
   25.19
   44.05
   30.81
   39.82
   19.88
   20.03
   43.72
   24.22
   22.09
   43.31
   16.41
   23.93
   43.78
   36.40
   24.34
   21.76
   26.22
   15.58
   20.86
   39.83
   43.79
   23.23
   28.59
   43.79
   45.26
   27.75
   22.84
   25.06
   35.32
   60.91
   19.63
   29.83
   29.97
   37.81
   34.84
   33.27
   23.16
   41.89
   26.08
   27.48
   35.97
   25.34
   44.04
   46.95
   36.71
   21.09
   22.56
   33.17
   24.00
   29.39
   33.80
   31.58
   36.02
   40.82
   31.89
   42.88
   45.56
   30.18
   42.59
   50.00
   34.85
   25.51
   34.19
   23.40
   49.65
   22.72
   26.71
   45.64
   37.14
   37.44
   29.38
   43.09
   18.83
   40.52
   26.95
   23.54
   49.36
   53.58
   20.56
   43.61
   30.43
   20.45
   30.63
   23.00
   40.25
   60.16
   43.80
   10.26
   23.61
   36.18
   28.01
   29.09
   21.68
   27.71
   31.51
   26.18
   37.54
   49.57
   35.03
   37.27
   35.25
   18.22
   37.26
   45.40
   15.59
   31.84
   27.45
   51.99
   30.04
   16.05
   12.82
   30.54
   47.61
   60.22
   25.54
   29.39
   31.91
   43.21
   26.25
   36.79
   27.54
   41.83
   25.74
   28.69
   27.73
   22.38
   44.19
   19.69
   32.83
   38.99
   52.41
   42.58
   23.05
   27.53
   41.92
   24.40
   27.18
   30.11
   48.15
   29.19
   27.43
   24.25
   41.21
   28.99
   30.68
   20.09
   49.35
   24.81
   37.44
   29.74
   43.15
   34.36
   42.35
   22.93
   35.05
   25.17
   45.79
   20.81
   29.11
   33.08
   25.18
   43.83
   18.70
   38.47
   27.37
   13.38
   42.22
   19.47
   47.48
   37.23
   38.34
   30.37
   23.23
   34.19
   39.84
   29.24
   42.60
   21.98
   44.03
   15.49
   44.65
   47.50
   35.72
   25.81
   25.14
   32.32
   24.06
   25.83
   46.17
   26.24
   30.10
   20.42
   42.40
   60.65
   49.67
   19.54
   42.72
   26.22
   37.72
   34.17
   35.14
   19.43
   44.49
   20.50
   48.87
   23.06
   19.82
   35.01
   31.83
   20.04
   32.29
   22.33
   33.01
   13.15
   50.07
   39.71
   42.10
   36.12
   28.37
   25.92
   34.08
   22.02
   37.17
   48.57
   35.60
   30.36
   41.95
   36.46
   29.10
   36.70
   36.59
   26.96
   40.81
   18.83
   51.67
   38.81
   39.38
   24.67
   41.80
   36.49
   25.84
   32.50
   38.88
   29.42
   46.94
   44.41
   27.57
   40.36
   21.71
   34.58
   46.60
   28.77
   38.09
   22.41
   24.38
   26.77
   14.65
   25.95
   32.98
   30.49
   29.60
   27.81
   48.45
   33.40
   20.36
   23.87
   40.29
   40.88
   34.15
   28.90
   36.22
   25.14
   39.96
   33.62
   13.29
   41.01
   47.85
   38.17
   37.70
   39.62
   41.32
   25.35
   25.17
   32.48
   29.19
   26.73
   51.27
   30.14
   38.59
   33.74
   26.34
   27.84
   31.45
   32.83
   36.31
   37.92
   29.05
   27.18
   34.77
   24.15
   31.57
   14.05
   37.50
   31.41
   24.06
   15.81
   35.92
   41.72
   45.51
   42.22
   20.62
   33.48
   40.54
   21.06
   14.37
   21.87
   45.90
   35.75
   19.71
   13.73
   38.82
   32.48
   29.66
   21.92
   45.79
   18.74
   42.00
   34.75
   35.48
   24.68
   18.11
   44.41
   37.57
   21.65
   21.72
   22.99
   11.78
   24.69
   28.83
   27.50
   26.42
   41.79
   46.58
   22.81
   22.36
   44.01
   17.24
   31.55
   41.27
   23.04
   42.48
   43.78
   20.78
   31.17
   22.70
   32.44
   27.19
   43.18
   28.79
   30.50
   29.41
   44.13
   29.35
   37.55
   18.09
   37.68
   36.12
   21.21
   49.52
   24.52
   24.40
   38.87
   30.48
   12.87
   26.75
   41.12
   45.65
   28.50
   20.56
   37.40
   47.73
   30.49
   38.48
   39.74
   48.71
   19.54
   35.79
   42.14
   52.37
   29.24
   21.87
   40.11
   30.16
   27.46
   27.03
   47.70
   27.08
   41.91
   15.36
   22.11
   40.54
   19.65
   27.14
   25.98
   31.69
   33.59
   25.51
   30.02
   26.79
   29.77
   31.56
   34.38
   27.71
   17.87
   19.90
   21.28
   30.51
   53.21
   39.89
   21.51
   19.89
   32.54
   28.95
   23.72
   10.98
   41.05
   22.84
   17.54
   32.23
   45.32
   19.91
   35.60
   42.25
   25.41
   35.63
   56.80
   34.47
   26.58
   44.36
   42.81
   27.25
   13.22
   14.40
   49.02
   36.12
   35.08
   40.00
   26.90
   38.27
   34.50
   16.75
   31.13
   18.57
   20.98
   49.92
   40.13
   25.03
   19.20
   35.27
   43.61
   30.46
   18.57
   41.91
   31.76
   17.95
   39.67
   18.36
   45.57
   37.10
   31.26
   41.02
   23.91
   41.49
   30.99
   24.46
   48.28
   26.95
   26.32
   36.58
   25.61
   51.80
   60.18
   30.32
   36.17
   41.34
   28.16
   27.45
   55.17
   33.79
   27.23
   34.64
   41.29
   49.60
   38.94
   28.54
   29.77
   14.30
   18.46
   65.90
   19.30
   40.59
   33.70
   15.43
   34.38
   44.13
   30.17
   41.26
   29.55
   18.93
   17.78
   22.49
   22.95
   29.52
   31.17
   59.09
   54.13
   30.52
   27.55
   40.95
   39.29
   24.14
   25.69
   31.85
   30.64
   19.85
   23.65
   16.48
   34.28
   19.47
   24.70
   44.93
   40.08
   45.63
   27.88
   36.61
   41.16
   24.03
   39.44
   32.78
   27.34
   36.59
   27.33
   37.75
   40.21
   17.59
   30.87
   26.98
   29.36
   39.54
   39.75
   32.41
   19.57
   50.49
   38.53
   42.33
   44.32
   32.06
   33.23
   26.91
   31.13
   18.57
   24.39
   22.66
   23.42
   44.86
   53.49
   43.02
   43.08
   29.64
   38.58
   20.28
   27.11
   13.83
   17.52
   18.90
   31.17
   20.25
   25.81
   13.01
   30.52
   38.01
   49.17
   39.16
   41.17
   20.07
   31.32
   28.77
   38.78
   20.80
   16.93
   28.67
   29.12
   30.20
   49.17
   40.28
   38.16
   32.99
   35.78
   23.20
   20.07
   31.03
   60.56
   40.53
   20.23
   55.40
   30.51
   40.28
   28.96
   33.25
   51.81
   46.52
   28.16
   35.55
   42.74
   21.70
   15.51
   27.07
   19.18
   19.33
   35.28
   26.76
   31.90
   29.32
   27.64
   30.32
   29.37
   41.74
   23.63
   33.03
   39.89
   37.23
   31.09
   56.85
   32.35
   22.06
   38.54
   22.39
   21.92
   36.94
   24.39
   28.79
   24.88
   50.70
   25.01
   20.24
   22.86
   39.52
   24.07
   19.00
   32.97
   32.58
   30.67
   44.28
   40.92
   18.58
   20.49
   51.15
   26.71
   22.76
   29.51
   44.62
   47.13
   25.68
   18.85
   28.51
   49.59
   43.36
   39.41
   47.89
   31.60
   29.68
   55.85
   45.59
   36.98
   35.32
   23.83
   27.70
   17.59
   40.55
   33.06
   30.42
   13.98
   15.64
   50.46
   35.40
   27.50
   31.67
   29.64
   38.62
   32.27
   34.26
   19.33
   34.62
   41.87
   12.63
   48.00
   30.46
   28.93
   26.16
   15.27
   41.88
   29.60
   28.05
   48.74
   38.35
   22.48
   34.23
   19.76
   20.96
   21.94
   27.72
   37.47
   49.98
   27.97
   45.65
   18.59
   31.88
   19.49
   31.70
   34.84
   42.00
   23.27
   18.04
   22.48
   20.67
   17.63
   25.54
   23.58
   31.19
   48.40
   58.71
   40.40
   26.06
   18.73
   21.91
   27.43
   33.06
   35.98
   26.30
   28.17
   45.66
   28.48
   14.65
   40.09
   22.83
   14.55
   51.85
   19.27
   37.48
   39.06
   41.30
   29.21
   44.50
   28.27
   45.57
   21.92
   12.94
   34.78
   23.67
   19.38
   35.79
   47.83
   22.05
   51.88
   49.91
   34.29
   14.85
   23.98
   26.70
   23.96
   30.77
   41.23
   29.33
   48.99
   24.11
   38.28
   38.99
   20.46
   13.83
   44.92
   30.65
   43.24
   28.24
   25.32
   22.30
   23.97
   19.81
   38.61
   39.66
   27.64
   14.33
   46.45
   26.34
   29.74
   24.61
   46.60
   34.07
   21.06
   34.29
   33.01
   27.41
   15.92
   44.20
   23.60
   25.14
   29.21
   43.19
   30.73
   48.74
   36.68
   20.81
   17.29
   27.05
   32.37
   43.01
   23.52
   29.82
   22.01
   49.00
   40.86
   30.39
   26.61
   11.04
   16.24
   42.38
   30.80
   36.20
   38.87
   21.98
   36.12
   30.44
   35.95
   38.70
   50.60
   35.28
   24.04
   24.00
   52.77
   34.53
   30.01
   41.44
   39.10
   19.70
   29.57
   21.03
   31.75
   34.17
   30.71
   18.58
   23.96
   41.88
   30.52
   33.42
   27.67
   26.59
   23.42
   27.64
   36.51
   37.66
   14.53
   61.75
   24.89
   15.22
   35.95
   40.41
   46.87
   59.13
   44.18
   32.94
   38.59
   33.42
   26.42
   34.65
   49.46
   22.81
   54.99
   28.87
   44.22
   18.53
   42.26
   20.82
   24.71
   24.32
   17.32
   19.08
   21.64
   47.86
   28.29
   37.77
   49.34
   17.44
   45.83
   34.72
   22.63
   47.86
   34.39
   29.21
   27.86
   25.11
   23.05
   47.34
   43.03
   26.47
   20.82
   41.70
   10.06
   30.47
   40.77
   25.91
   11.79
   32.19
   45.57
   26.84
   38.68
   48.74
   27.13
   32.46
   39.80
   23.08
   23.02
   20.32
   46.01
   43.78
   19.42
   46.79
   36.03
   31.25
   21.46
   55.98
   41.79
   37.00
   26.38
   20.06
   32.94
   27.71
   53.44
   21.71
   16.97
   23.15
   19.59
   20.18
   52.24
   31.16
   40.13
   23.53
   26.38
   35.54
   29.49
   42.81
   35.27
   44.83
   30.60
   37.61
   42.10
   52.58
   29.59
   48.17
   20.86
   13.80
   33.29
   47.06
   47.87
   50.25
   31.72
   28.39
   26.52
   15.84
   27.02
   31.41
   26.10
   36.38
   43.28
   17.28
   20.86
   40.70
   41.65
   18.89
   13.07
   29.80
   38.29
   35.69
   54.76
   40.50
   17.56
   33.70
   46.31
   42.22
   37.86
   28.11
   33.03
   37.10
   46.06
   24.58
   16.52
   13.44
   22.31
   23.86
   23.25
   21.64
   30.80
   44.87
   51.70
   38.97
   22.64
   17.42
   18.35
   16.90
   31.19
   28.99
   40.16
   24.59
   38.04
   41.60
   49.28
   49.07
   31.65
   28.51
   29.24
   46.58
   19.49
   31.06
   54.73
   40.77
   52.13
   44.05
   45.36
   25.24
   34.08
   28.34
   20.90
   35.85
   36.91
   41.30
   29.51
   51.25
   50.62
   32.11
   27.70
   52.24
   20.87
   29.85
   17.52
   35.66
   42.62
   32.39
   33.88
   23.90
   30.88
   59.71
   28.52
   41.84
   29.74
   23.72
   29.00
   29.97
   32.30
   26.26
   16.87
   26.73
   32.93
   49.21
   46.29
   34.98
   41.02
   23.01
   54.08
   30.50
   24.88
   33.30
   23.66
   34.90
   24.52
   44.49
   36.23
   20.09
   47.37
   36.96
   20.80
   32.70
   35.85
   18.42
   16.22
   32.10
   41.09
   47.67
   22.09
   42.00
   45.72
   29.84
   17.85
   31.82
   25.86
   29.88
   16.02
   46.80
   34.08
   27.01
   40.99
   22.14
   38.74
   41.70
   14.82
   45.04
   38.73
   18.73
   32.48
   14.69
   11.31
   33.90
   37.10
   13.98
   30.16
   30.61
   37.07
   26.99
   35.04
   23.69
   41.47
   32.17
   22.67
   25.26
   35.48
   45.94
   34.86
   34.92
   48.00
   36.08
   21.11
   29.46
   29.43
   53.31
   24.53
   45.09
   36.12
   70.92
   23.40
   38.04
   50.35
   33.31
   42.41
   51.42
   51.74
   43.52
   31.03
   23.57
   31.32
   35.28
   18.27
   40.89
   28.29
   46.39
   16.48
   21.36
   15.78
   38.32
   43.65
   20.83
   33.68
   20.98
   15.61
   38.76
   41.23
   39.06
   39.04
   45.99
   22.73
   31.30
   19.81
   56.36
   39.72
   25.72
   40.18
   30.43
   36.26
   19.86
   43.85
   42.14
   38.10
   34.18
   17.14
   22.95
   18.20
   41.51
   17.95
   35.29
   38.90
   25.86
   39.12
   31.65
   21.90
   40.80
   26.80
   24.40
   15.30
   19.01
   33.15
   39.36
   27.41
   49.05
   20.48
   30.06
   26.41
   38.52
   30.48
   33.96
   30.71
   23.16
   45.59
   15.85
   45.60
   44.25
   24.47
   18.30
   28.04
   42.57
   25.94
   23.72
   27.28
   42.32
   34.46
   23.28
   47.30
   19.32
   18.21
   32.99
   36.10
   31.15
   18.63
   29.23
   27.97
   50.91
   56.80
   20.45
   43.05
   37.98
   32.33
   31.22
   49.99
   30.19
   22.59
   44.19
   52.50
   41.05
   18.59
   25.58
   34.38
   54.67
   49.79
   41.49
   21.74
   31.01
   32.44
   40.05
   29.53
   24.56
   50.41
   18.02
   23.54
   20.96
   15.00
   33.04
   40.68
   43.02
   39.35
   20.03
   45.86
   16.20
   46.07
   32.06
   37.71
   31.98
   24.58
   33.77
   42.88
   19.74
   39.76
   36.84
   36.84
   59.76
   18.32
   43.21
   32.61
   53.57
   20.70
   45.19
   42.08
   53.34
   25.96
   44.17
   15.01
   42.32
   23.80
   19.07
   18.79
   58.99
   25.78
   43.31
   48.61
   19.60
   18.06
   24.48
   21.62
   20.77
   45.58
   46.87
   52.09
   35.41
   24.93
   45.98
   48.96
   33.30
   50.47
   26.29
   19.52
   23.95
   19.67
   23.64
   35.08
   46.34
   22.26
   46.97
   51.08
   46.88
   21.83
   34.99
   14.63
   35.05
   44.25
   35.31
   33.88
   23.42
   52.36
   31.98
   45.89
   19.53
   48.39
   37.43
   23.39
   37.60
   31.29
   29.13
   22.89
   23.30
   24.53
   38.32
   48.09
   42.11
   38.26
   42.56
   17.09
   30.26
   32.43
   30.25
   36.20
   33.06
   36.84
   20.70
   38.23
   17.79
   30.26
   23.47
   48.20
   20.82
   41.85
   25.73
   26.80
   29.22
   24.42
   20.56
   14.82
   44.23
   17.07
   49.79
   45.10
   47.69
   29.82
   35.85
   15.81
   17.21
   21.80
   32.61
   33.52
   60.75
   24.65
   37.22
   37.13
   28.27
   18.69
   28.75
   33.04
   20.19
   26.47
   15.23
   33.40
   47.75
   25.94
   23.92
   48.11
   22.83
   27.37
   33.00
   55.72
   30.75
   42.97
   48.38
   47.86
   20.29
   26.80
   34.23
   45.06
   32.22
   49.43
   28.73
   45.54
   38.69
   41.40
   29.20
   25.72
   31.20
   32.05
   26.38
   16.65
   46.73
   29.26
   14.26
   21.53
   23.97
   45.52
   24.14
   23.42
   39.12
   38.96
   39.34
   16.37
   28.14
   20.46
   24.11
   16.87
   28.70
   31.16
   19.91
   15.38
   26.96
   35.60
   26.51
   36.19
   16.32
   42.65
   39.75
   15.95
   47.70
   32.62
   21.72
   44.47
   25.06
   15.11
   18.12
   52.97
   28.74
   44.21
   38.56
   35.30
   18.64
   19.06
   56.34
   50.12
   29.00
   37.56
   16.07
   46.95
   29.07
   10.88
   21.73
   54.40
   34.87
   23.47
   40.39
   43.77
   25.38
   33.44
   22.60
   28.41
   30.31
   44.03
   46.49
   40.15
   18.54
   49.20
   40.18
   14.99
   29.15
   23.54
   38.92
   45.26
   43.88
   18.62
   45.83
   18.82
   20.04
   17.81
   32.96
   22.06
   41.66
   46.91
   42.17
   21.78
   23.67
   27.29
   39.93
   22.91
   39.39
   17.75
   45.24
   32.03
   15.93
   27.24
   47.67
   35.75
   25.09
   38.29
   44.96
   25.34
   35.57
   37.17
   34.94
   40.02
   29.07
   26.65
   38.27
   20.83
   33.12
   27.06
   46.29
   41.17
   22.99
   41.05
   16.20
   38.64
   44.41
   33.97
   25.79
   42.74
   35.71
   15.34
   21.71
   26.34
   23.98
   42.66
   42.80
   20.30
   45.33
   18.41
   23.88
   24.61
   15.30
   19.06
   36.14
   13.91
   46.40
   47.35
   42.88
    9.93
   31.72
   23.00
   31.59
   51.30
   30.78
   14.81
   23.45
   21.30
   17.25
   20.77
   29.01
   28.26
   25.00
   21.40
   38.10
   19.06
   45.71
   35.70
   46.25
   20.56
   25.44
   43.54
   32.85
   27.48
   41.28
   17.94
   28.50
   51.79
   17.84
   14.00
   33.77
   28.84
   28.42
   33.51
   51.23
   43.74
   37.35
   33.62
   26.98
   27.45
   10.88
   35.38
   24.83
   30.28
   40.88
   17.83
   27.33
   37.61
   42.37
   22.37
   26.74
   31.18
   52.72
   37.87
   34.43
   28.28
   32.03
   20.30
   27.68
   43.99
   28.05
   42.80
   41.11
   31.11
   28.42
   34.30
   21.03
   42.14
   33.27
   18.31
   33.10
   37.02
   41.22
   44.67
   36.45
   41.14
   21.06
   24.59
   32.17
   30.23
   31.34
   36.72
   40.99
   12.66
   17.56
   24.76
   25.71
   31.93
   39.80
   40.02
   32.54
   29.61
   43.53
   29.80
   49.31
   31.53
   48.79
   22.00
   13.76
   23.53
   32.84
   44.31
   27.20
   28.16
   28.52
   45.50
   33.14
   37.14
    9.45
   25.56
   28.19
   24.80
   43.17
   39.26
   23.58
   13.48
   22.22
   34.62
   37.51
   42.52
   45.26
   30.45
   10.07
   23.36
   45.48
   24.56
   37.99
   36.65
   38.03
   21.56
   32.67
   25.48
   27.65
   37.53
   19.10
   31.58
   53.96
   25.37
   41.07
   24.89
   45.53
   45.84
   23.30
   17.94
   35.16
   42.16
   47.79
   45.31
   22.72
   39.09
   31.80
   27.90
   37.04
   27.41
   42.76
   31.02
   31.01
   31.98
   16.32
   22.01
   43.19
   21.84
   52.28
   28.49
   36.67
   33.04
   36.98
   26.91
   43.61
   24.11
   35.51
   40.89
   23.01
   52.91
   35.35
   28.60
   28.89
   33.72
   27.61
   26.88
   48.56
   33.15
   26.89
   28.55
   38.81
   30.58
   26.15
   19.71
   46.89
   22.41
   42.57
   32.68
   24.45
   29.73
   40.16
   32.25
   39.15
   24.40
   51.16
   22.32
   21.21
   18.89
   20.57
   39.18
   30.11
   32.36
   39.68
   33.15
   36.90
   45.61
   24.02
   34.89
   29.47
   34.83
   38.69
   31.60
   35.21
   52.95
   20.01
   16.84
   38.73
   22.59
   27.47
   31.97
   43.92
   33.77
   23.21
   22.62
   34.88
   35.47
   35.16
   39.66
   27.50
   28.24
   26.10
   50.39
   31.74
   14.14
   31.36
   23.97
   44.43
   40.38
   44.90
   36.04
   25.19
   36.48
   26.54
   33.25
   26.05
   27.50
   25.53
   48.08
   37.45
   21.40
   39.21
   41.03
   35.83
   26.15
   19.26
   31.04
   36.17
   43.41
   27.81
   25.53
   37.93
   41.39
   29.08
   25.45
   26.28
   27.44
   33.06
   23.33
   19.55
   34.49
   54.59
   31.86
   32.08
   26.63
   32.13
   30.43
   21.64
   36.51
   25.52
   25.48
   28.40
   49.61
   24.89
   36.25
   20.30
   32.16
   34.01
   54.28
   30.13
   39.81
   36.35
   25.82
   46.29
   32.74
   27.98
   39.21
   23.40
   22.77
   33.29
   28.11
   44.48
   22.17
   36.33
   23.41
   45.50
   27.44
   34.83
   13.72
   41.58
   37.08
   27.75
   31.26
   23.44
   32.93
   56.16
   43.71
   26.77
   38.81
   33.63
   26.00
   24.95
   23.01
   33.14
   44.69
   31.88
   40.87
   17.26
   20.49
   48.52
   38.21
   45.75
   34.65
   39.34
   36.43
   22.86
   43.34
   40.44
   20.54
   40.80
   24.06
   18.21
   14.56
   42.98
   29.13
   28.88
   41.22
   28.24
   21.61
   31.26
   14.62
   45.97
   25.72
   45.66
   18.60
   32.09
   20.02
   21.09
   34.09
   23.74
   27.93
   49.47
   22.51
   38.71
   21.60
   24.03
   15.21
   21.88
   28.13
   23.33
   26.50
   33.14
   16.04
   45.17
   30.37
   22.05
   23.70
   15.67
   24.56
   33.45
   48.93
   39.01
   24.99
   51.24
   49.40
   53.11
   34.26
   22.80
   26.27
   50.75
   23.75
   29.45
   22.98
   40.37
   49.12
   36.90
   40.76
   33.34
   22.70
   21.04
   12.95
   33.31
   24.28
   33.09
   42.21
   43.42
   32.99
   48.84
   33.05
   49.22
   18.60
   44.96
   29.75
   27.92
   29.25
   21.01
   27.56
   30.06
   23.44
   39.11
   42.22
   59.65
   33.78
   21.20
   41.89
   34.33
   21.19
   36.51
   54.57
   23.11
   19.93
   44.42
   25.85
   30.06
   37.38
   32.70
   61.37
   60.36
   39.88
   47.16
   32.33
   43.50
   34.99
   22.66
   23.81
   48.89
   21.77
   22.61
   18.77
   16.99
   28.00
   33.39
   33.18
   18.26
   22.54
   44.54
   36.68
   32.30
   26.39
   21.78
   29.41
   30.82
   37.27
   42.89
   20.63
   27.34
   27.36
   46.42
   21.71
   20.42
   39.04
   38.74
   47.97
   15.14
   51.71
   18.99
   25.81
   31.47
   42.39
   30.65
   31.63
   40.75
   45.70
   23.82
   28.40
   44.98
   16.45
   43.78
   15.35
   34.88
   46.14
   25.58
   34.88
   25.28
   32.58
   34.44
   44.93
   25.60
   43.81
   60.87
   48.59
   15.60
   47.97
   17.31
   20.97
   21.52
   21.74
   18.52
   43.29
   50.10
   21.80
   21.21
   23.23
   22.64
   45.35
   22.66
   50.09
   30.28
   41.68
   14.30
   46.80
   38.91
   48.56
   27.56
   28.91
   23.40
   26.25
   41.40
   42.75
   21.76
   28.25
   22.43
   25.08
   19.38
   46.95
   31.89
   30.77
   42.30
   21.22
   43.16
   37.96
   19.26
   57.33
   38.92
   24.64
   28.19
   49.36
   17.00
   19.58
   16.82
   27.32
   24.61
   14.00
   32.38
   46.20
   36.50
   43.19
   20.79
   17.86
   38.82
   31.81
   34.19
   21.46
    8.56
   35.24
   27.09
   23.88
   35.95
   52.69
   43.31
   14.86
   26.13
   42.48
   15.73
   28.74
   22.80
   32.50
   50.56
   45.65
   26.58
   18.36
   42.40
   23.51
   47.15
   39.46
   19.55
   43.16
   24.06
   43.00
   43.47
   25.71
   12.16
   21.77
   19.38
   42.36
   36.26
   21.15
   35.53
   27.39
   20.94
   18.90
   22.22
   45.00
   45.46
   38.56
   58.49
   23.62
   22.81
   51.35
   22.05
   34.25
   27.63
   38.72
   38.20
   38.16
   30.20
   27.37
   49.23
   51.89
   28.08
   27.64
   32.95
   31.42
   41.85
   26.35
   18.91
   21.62
   20.12
   31.33
   44.71
   17.63
   32.83
   27.19
   41.00
   29.13
   18.32
   26.14
   17.88
   33.46
   42.86
   34.78
   30.26
   17.33
   42.03
   29.72
   27.91
   28.69
   17.12
   24.08
   30.25
   32.06
   23.98
   38.03
   42.02
   43.91
   29.52
   37.78
   28.77
   38.56
   19.28
   32.44
   35.42
   48.46
   34.81
   41.42
   40.72
   22.48
   32.64
   31.68
   34.61
   31.33
   42.12
   17.55
   46.93
   50.28
   32.11
   30.75
   39.25
   25.42
   29.99
   52.99
   40.93
   23.43
   32.64
   20.92
   52.35
   27.41
   51.12
   21.79
   20.93
   31.61
   28.84
   28.10
   22.02
   38.61
   36.35
   30.91
   22.20
   40.05
   24.55
   33.71
   18.10
   45.94
   16.51
   37.21
   23.72
   31.01
   37.69
   36.04
   39.83
   33.82
   18.10
   36.70
   18.90
   34.85
   44.39
   15.90
   31.92
   29.68
   17.88
   37.65
   42.24
   22.32
   20.20
   32.83
   41.65
   45.13
    9.57
   42.55
   41.01
   38.00
   22.67
   19.74
   26.84
   17.87
   46.85
   27.69
   20.18
   18.82
   31.49
   25.32
   21.10
   30.25
   33.40
   25.45
   24.38
   32.53
   28.73
   26.84
   29.70
   25.20
   39.34
   21.63
   30.66
   42.14
   20.96
   35.54
   34.54
   32.38
   23.70
   21.32
   40.00
   39.65
   31.91
   19.40
   25.75
   39.19
   34.32
   21.92
   41.93
   42.04
   26.89
   40.45
   26.18
   33.50
   44.18
   41.02
   30.93
   23.57
   24.89
   37.25
   18.23
   19.44
   37.42
   35.54
   55.45
   37.79
   27.86
   32.66
   42.69
   23.86
   39.19
   26.83
   49.93
   40.02
   26.22
   38.78
   25.87
   29.92
   30.29
   34.08
   24.99
   33.00
   42.16
   25.23
   30.51
   50.89
   29.23
   25.80
   47.65
   28.18
   48.93
   30.76
   46.96
   18.20
   33.18
   35.19
   27.93
   28.81
   29.93
   33.99
   42.06
   22.14
   41.29
   12.83
   37.23
   19.11
   31.24
   29.97
   21.26
   38.50
   30.72
   35.61
   29.26
   51.32
   23.19
   31.08
   29.11
   31.37
   36.35
   33.54
   52.50
   41.57
   25.07
   27.28
   24.55
   29.78
   38.82
   36.24
   17.84
   38.70
   23.23
   33.03
   40.23
   30.46
   44.13
   44.13
   20.34
   23.34
   31.96
   31.18
   56.14
   19.96
   31.14
   44.66
   45.46
   19.27
    9.66
   28.89
   33.17
   53.89
   44.09
   48.06
   37.00
   24.64
    8.28
   34.71
   34.63
   50.29
   29.52
   44.73
   42.51
   19.12
   49.72
   38.89
   25.36
   24.01
   25.64
   30.22
   46.29
   46.49
   35.35
   32.67
   40.76
   27.39
   47.05
   36.97
   19.55
   22.78
   56.40
   50.05
   39.43
   31.18
   20.40
   19.10
   21.60
   41.55
   23.42
   46.32
   35.65
   42.95
   12.38
   10.55
   21.71
   39.82
   42.58
   31.05
   23.78
   48.75
   22.51
   21.09
   14.67
   16.40
   36.63
   26.73
   42.62
   34.70
   37.94
   53.90
   27.18
   43.43
   20.59
   30.35
   15.54
   19.14
   17.01
   49.47
   26.43
   24.66
   20.92
   21.31
   39.55
   53.03
   17.73
   49.54
   15.31
   49.27
   21.22
   24.84
   28.19
   44.50
   16.09
   22.89
   21.35
   43.48
   31.22
   40.97
   19.44
   52.64
   42.04
   29.90
   43.20
   21.86
   32.61
   25.36
   23.48
   35.00
   22.57
   23.00
   44.65
   23.82
   25.31
   38.07
   30.09
   17.64
   24.90
   31.10
   33.65
   39.61
   30.42
   38.97
   27.78
   29.76
   21.00
   22.89
   42.20
   24.40
   52.89
   40.74
   25.84
   25.37
   22.58
   34.98
   48.06
   41.14
   23.39
   49.93
   28.34
   44.03
   36.65
   52.74
   29.89
   40.96
   48.72
   17.64
   32.10
   24.13
   23.93
   46.24
   16.61
   33.31
   47.99
   20.75
   37.46
   25.74
   16.40
   19.37
   36.42
   26.95
   37.40
   28.64
   42.29
   25.59
   22.18
   21.90
   33.94
   46.35
   45.19
   33.78
   14.38
   36.76
   21.00
   19.68
   45.49
   25.07
   31.48
   20.88
   25.30
   30.14
   22.58
   16.33
   30.14
   42.89
   36.32
   18.75
   42.38
   39.61
   23.30
   49.94
   18.76
   59.11
   30.54
   18.56
   46.84
   41.45
   36.03
   34.44
   30.62
   19.79
   20.95
   28.23
   42.42
   25.02
   20.90
   41.70
   23.33
   48.84
   22.00
   32.94
   26.90
   28.42
   26.06
   26.91
   43.38
   17.58
   47.32
   40.68
   39.57
   32.76
   28.33
   38.97
   47.23
   28.83
   42.97
   24.28
   42.63
   28.80
   18.42
   28.12
   18.98
   19.37
   21.60
   43.61
   24.39
   30.98
   31.83
   34.63
   35.78
   60.19
   36.26
   55.99
   36.24
   17.70
   47.57
   42.39
   32.11
   29.07
   29.98
   42.88
   41.27
   47.91
   14.41
   46.86
   35.30
   27.73
   35.97
   54.50
   27.62
   19.06
   20.24
   45.39
   29.02
   54.00
   39.68
   43.66
   28.55
   19.41
   23.74
   38.62
   53.02
   26.10
   53.88
   40.95
   49.01
   34.95
   37.40
   45.87
   23.49
   35.57
   18.08
   26.70
   38.16
   37.24
   23.04
   50.14
   27.38
   32.10
   40.95
   31.46
   43.31
   18.62
   38.50
   18.91
   25.69
   27.90
   19.95
   37.11
   57.69
   43.28
   20.04
   40.63
   36.42
   23.89
   33.33
   23.23
   27.18
   38.47
   24.58
   17.63
   21.64
   40.53
   20.39
   25.39
   25.35
   26.60
   42.64
   39.31
   37.52
   17.14
   27.78
   31.35
   19.09
   45.78
   21.36
   33.86
   27.16
   44.51
   44.54
   45.45
   22.84
   30.42
   26.69
   28.33
   19.69
   35.11
   38.15
   28.11
   24.15
   36.52
   13.17
   22.16
   37.62
   31.52
   30.40
   38.25
   62.66
   26.36
   25.05
   30.00
   54.90
   37.07
   31.28
   45.78
   34.92
   50.01
   14.26
   39.56
   26.49
   25.44
   37.15
   33.61
   24.96
   30.59
   26.47
   25.62
   42.46
   31.81
   46.59
   27.72
   14.13
   43.40
   44.09
   43.78
   52.97
   55.57
   32.43
   32.85
   24.59
   21.81
   20.26
   49.37
   22.96
   18.48
   24.14
   55.91
   23.79
   24.23
   25.84
   31.98
   40.94
   25.98
   37.07
   13.27
   32.67
   23.87
   30.51
   27.01
   42.47
   20.03
   41.36
   33.70
   26.78
   35.06
   40.37
   19.94
   26.55
   32.22
   22.29
   46.42
   34.89
   30.33
   43.33
   29.22
   51.80
   36.92
   34.52
   34.03
   49.13
   50.61
   48.46
   22.16
   35.26
   35.85
   38.95
   30.44
   58.91
   27.33
   33.05
   15.21
   31.53
   50.51
   37.26
   32.03
   32.25
   30.05
   23.27
   48.58
   49.56
   35.16
   23.26
   28.69
   43.39
   41.56
   22.77
   43.74
   48.48
   55.69
   27.88
   28.63
   24.74
   19.35
   36.99
   42.32
   34.61
   53.17
   24.76
   47.47
   30.27
   16.72
   52.61
   28.01
   42.31
   34.46
   27.27
   13.36
   22.94
   40.34
   12.69
   31.44
   41.96
   27.34
   43.35
   28.20
   22.14
   24.19
   36.66
   27.67
   16.94
   15.50
   48.41
   32.70
   33.56
   36.88
   26.59
   35.09
   32.52
   40.30
   24.48
   42.39
   36.74
   56.78
   24.66
   41.22
   36.83
   27.25
   27.50
   20.32
   27.12
   39.32
   41.08
   25.31
   34.33
   31.24
   38.45
   16.24
   23.03
   35.70
   41.89
   22.52
   30.81
   46.90
   37.45
   22.90
   23.51
   41.00
   25.97
   19.88
   38.67
   50.64
   20.00
   37.48
   29.71
   34.84
   46.45
   28.20
   24.55
   45.61
   25.38
   21.43
   23.15
   27.68
   25.73
   34.32
   39.11
   40.28
   20.52
   43.97
   45.65
   17.24
   30.07
   24.20
   45.00
   23.30
   38.49
   22.23
   22.23
   17.90
   41.67
   36.50
   28.70
   28.47
   24.28
   47.60
   31.77
   41.04
   31.64
   20.26
   43.93
   25.36
   28.32
   25.16
   22.17
   31.45
   43.08
   24.87
   40.64
   32.82
   30.83
   53.51
   17.63
   18.21
   19.48
   30.82
   25.12
   17.62
   26.06
   22.91
   31.56
   28.69
   46.01
   30.02
   37.93
   48.73
   28.37
   31.43
   17.08
   44.39
   18.72
   21.49
   43.48
   24.86
   40.31
   27.79
   59.28
   31.99
   17.62
   21.89
   22.98
   10.12
   24.06
   20.31
   30.61
   38.94
   57.99
   35.18
   25.76
   21.50
   39.64
   30.58
   19.26
   26.78
   18.17
   43.17
   25.63
   36.03
   31.65
   13.08
   23.61
   25.38
   32.45
   20.70
   35.53
   28.50
   47.44
   38.88
   30.32
   43.79
   18.88
   42.02
   33.46
   44.08
   25.75
   31.95
   13.32
   44.94
   40.33
   30.02
   51.64
   32.64
   38.51
   38.66
   29.66
   19.86
   28.93
   13.64
   31.35
   40.03
   49.14
   45.54
   56.35
   38.50
   34.65
   19.68
   38.39
   45.56
   23.85
   52.59
   50.04
   28.74
   43.96
   23.58
   44.48
   32.94
   42.71
   33.61
   29.60
   19.46
   37.74
   42.46
   38.55
   28.20
   26.98
   34.23
   35.15
   29.95
   30.68
   28.04
   45.50
   33.08
   27.38
   16.50
   22.82
   43.65
   28.15
   32.26
   33.50
   14.03
   17.73
   17.93
   40.00
   27.23
   22.17
   20.26
   26.35
   39.62
   36.49
   24.16
   32.56
   27.88
   34.37
   39.98
   27.85
   18.84
   46.58
   55.90
   23.06
   25.74
   21.28
   29.11
   18.47
   50.39
   21.68
   24.57
   22.49
   42.22
   31.57
   40.75
   24.46
   18.79
   16.20
   47.43
   19.22
   23.25
   35.24
   25.72
   54.11
   51.55
   29.16
   46.19
   24.32
   39.25
   28.48
   47.22
   20.02
   37.12
   18.84
   43.25
   52.68
   31.45
   25.76
   26.96
   35.77
   23.62
   53.64
   23.84
   42.55
   52.01
   18.82
   28.30
   32.22
   43.67
   29.33
   27.88
   32.32
   44.40
   28.38
   28.60
   31.05
   17.85
   47.03
   40.92
   59.34
   23.20
   19.86
   23.48
   31.53
   29.11
   31.28
   37.18
   40.14
   37.22
   33.64
   38.05
   31.55
   35.03
   30.97
   22.83
   19.64
   35.71
   41.17
   30.88
   33.45
   44.58
   29.43
   34.39
   29.09
   20.16
   34.14
   22.37
   48.53
   42.79
   46.45
   24.36
   47.43
   27.73
   46.93
   39.84
   38.37
   41.99
   21.36
   42.53
   29.86
   49.63
   49.98
   26.52
   25.10
   39.24
   38.02
   34.49
   28.47
   15.53
   24.57
   14.68
   44.04
   30.57
   31.73
   11.91
   37.09
   31.88
   46.01
   41.18
   47.74
   23.88
   35.77
   42.05
   24.23
   23.18
   19.25
   31.21
   31.16
   28.28
   44.86
   25.31
   31.62
   19.34
   43.72
   40.01
   39.93
   28.32
   32.61
   17.64
   52.78
   38.08
   28.70
   26.42
   23.38
   45.43
   32.79
   23.85
   21.79
   21.88
   42.11
   37.39
   17.01
   22.13
   38.44
   47.77
   49.62
   32.91
   31.49
   48.98
   37.10
   62.84
   26.88
   22.87
   34.26
   48.11
   44.45
   32.56
   53.72
   15.96
   21.59
   30.53
   19.51
   52.38
   26.25
   51.86
   32.86
   29.61
   50.76
   50.44
   49.37
   27.62
   17.71
   40.52
   14.41
   44.30
   57.16
   20.88
   43.86
   32.78
   43.84
   20.39
   45.18
   30.94
   30.18
   17.02
   53.51
   30.33
   24.10
   32.97
   23.59
   32.58
   33.85
   21.20
   32.76
   47.15
   11.31
   40.76
   31.68
   30.59
   20.06
   34.82
   47.27
   28.14
   36.54
   40.02
   23.92
   14.06
   40.46
   45.52
   40.89
   46.97
   23.45
   46.67
   35.95
   24.54
   31.35
   51.82
   27.28
   38.90
   37.08
   41.41
   16.12
   37.53
   23.16
   40.80
   13.98
   47.03
   38.50
   28.58
   39.46
   23.70
   27.90
   38.06
   26.92
   49.53
   26.44
   44.04
   26.81
   36.92
   32.86
   32.89
   14.13
   34.79
   37.02
   38.97
   44.53
   22.35
   45.59
   17.67
   26.84
   15.36
   34.30
   38.00
   15.07
   36.54
   25.50
   38.78
   32.58
   35.55
   36.17
   23.75
   19.36
   40.59
   47.09
   50.86
   39.05
   21.38
   27.09
   39.55
   42.15
   41.79
   21.66
   23.98
   42.32
   28.55
   37.18
   23.26
   31.64
   43.46
   56.19
   36.76
   41.62
   38.70
   25.48
   36.23
   25.26
   29.98
   34.94
   42.25
   37.75
   32.90
   47.25
   29.74
   26.46
   31.14
   25.05
   47.76
   45.48
   38.77
   31.57
   26.13
   25.98
   39.85
   23.85
   44.20
   40.89
   30.88
   27.17
   30.44
   17.57
   38.15
   28.42
   51.09
   38.94
   29.73
   23.96
   47.30
   33.92
   31.44
   34.18
   30.71
   21.60
   40.53
   29.14
   37.71
   39.39
   44.81
   33.61
   46.41
   25.31
   42.60
   36.40
   25.78
   22.98
   35.16
   15.15
   26.18
   46.65
   20.67
   39.26
   17.81
   34.77
   43.95
   25.88
   27.26
   46.55
   21.07
   23.74
   11.05
   24.56
   23.33
   24.66
   20.30
   34.11
   41.66
   31.86
   31.20
   24.85
   42.72
   40.33
   32.86
   49.05
   51.72
   34.67
   23.09
   31.33
   43.43
   39.17
   39.11
   43.81
   21.64
   41.70
   38.32
   40.74
   28.66
   49.17
   14.82
   50.14
   19.37
   19.59
   32.02
   35.01
   22.69
   35.09
   42.06
   37.35
   22.03
   37.94
   21.65
   24.94
   23.36
   34.71
   40.29
   57.82
   34.47
   27.66
   43.55
   49.94
   42.73
   26.80
   27.63
   25.57
   22.38
   20.21
   22.92
   20.46
   35.03
   38.47
   37.23
   38.88
   49.57
   32.55
   38.49
   26.22
   50.32
   38.35
   21.70
   29.27
   22.46
   16.88
   55.42
   41.36
   30.82
   22.57
   27.45
   44.83
   35.76
   33.45
   46.22
   28.30
   26.37
   46.05
   18.93
   39.08
   21.77
   34.81
   24.33
   32.23
   24.20
   27.77
   46.57
   44.58
   52.39
   33.16
   52.13
   43.21
   38.19
   30.10
   17.86
   36.63
   47.43
   31.72
   24.47
   25.19
   43.61
   43.36
   15.77
   36.88
   25.88
   38.28
   37.25
   19.31
   42.59
   17.09
   26.82
   58.14
   45.82
   31.59
   19.35
   16.36
   24.85
   42.20
   30.74
   43.48
   29.42
   46.11
   33.72
   34.09
   36.90
   14.52
   42.78
   37.55
   44.53
   27.37
   46.30
   21.40
   28.66
   33.87
   15.01
   18.91
   36.33
   31.12
   12.52
   33.65
   28.23
   30.99
   30.84
   53.99
   47.96
   36.52
   22.59
   48.58
   39.00
   35.53
   19.90
   33.86
   48.44
   34.59
   22.90
   19.38
   43.82
   46.27
   29.98
   20.75
   36.28
   31.11
   39.40
   40.42
   25.53
   12.47
   45.51
   27.71
   23.53
   47.91
   24.62
   25.01
   17.65
   43.62
   19.55
   30.96
   33.66
   40.54
   25.63
   13.44
   33.39
   43.97
   22.32
   36.85
   22.37
   28.29
   29.45
   25.48
   40.76
   28.65
   44.49
   33.25
   21.79
   49.23
   36.84
   31.70
   32.29
   35.01
   21.36
   31.85
   27.77
   31.79
   45.81
   27.97
   47.53
   20.82
   30.56
   33.30
   45.62
   35.53
   28.07
   43.24
   44.68
   34.91
   53.64
   41.80
   42.30
   18.98
   35.54
   43.56
   14.45
   21.99
   59.46
   30.71
   17.03
   39.97
   25.88
   29.37
   48.03
   57.50
   45.80
   31.01
   21.80
   37.77
   26.72
   39.23
   30.98
   30.72
   35.84
   28.87
   28.29
   38.78
   50.84
   28.16
   27.33
   25.34
   15.61
   45.22
   30.28
   48.59
   42.07
   19.83
   35.52
   34.60
   17.06
   36.19
   40.72
   29.62
   37.19
   18.64
   27.49
   33.43
   19.31
   36.66
   38.83
   23.54
   37.16
   21.89
   24.60
   23.16
   61.19
   31.81
   36.78
   21.97
   22.39
   32.73
   56.90
   32.44
   34.14
   51.11
   45.37
   31.30
   17.28
   42.97
   45.17
   35.96
   27.82
   42.75
   41.51
   38.48
   41.47
   42.70
   39.21
   45.55
   24.14
   36.47
   27.19
   23.27
   18.72
   27.41
   36.60
   30.25
   27.96
   34.12
   42.22
   29.97
   37.25
   53.47
   38.05
   24.58
   34.02
   33.65
   36.79
   55.83
   34.55
   44.17
   27.21
   41.11
   30.46
   36.23
   27.20
   24.36
   37.63
   49.11
   38.04
   32.34
   38.92
   42.85
   32.46
   27.10
   23.62
   46.31
   30.23
   41.55
   37.41
   49.01
   48.61
   18.43
   25.08
   43.53
   35.07
   38.66
   32.59
   16.74
   46.81
   25.88
   21.81
   48.04
   32.54
   20.99
   45.16
   31.70
   42.16
   29.98
   30.31
   26.76
   35.21
   31.36
   30.15
   24.39
   24.80
   21.20
   53.79
   18.75
   18.33
   19.54
   24.50
   52.48
   30.29
   21.72
   27.33
   36.50
   48.51
   25.86
   27.27
   34.41
   31.38
   28.93
   20.37
   29.51
   45.89
   18.72
   30.95
   20.18
   23.04
   41.01
   23.73
   32.85
   25.70
   19.66
   35.58
   38.69
   49.80
   31.63
   20.10
   29.07
   29.39
   52.07
   33.86
   34.83
   18.15
   23.50
   49.18
   25.35
   31.78
   53.52
   37.82
   17.72
   29.90
   36.39
   40.53
   48.34
   42.05
   22.53
   45.15
   35.52
   19.74
   26.33
   53.19
   39.94
   39.02
   20.91
   35.17
   24.32
   58.98
   39.46
   23.43
   33.78
   21.92
   46.46
   27.24
   45.78
   33.03
   29.65
   30.11
   31.28
   28.32
   29.07
   18.24
   43.67
   34.66
   44.83
   22.51
   30.23
   29.68
   17.98
   38.50
   34.70
   29.99
   40.49
   39.44
   26.74
   30.90
   39.49
   20.19
   37.16
   52.53
   20.77
   46.94
   17.21
   47.88
   28.16
   41.78
   44.50
   26.96
   22.09
   23.73
   20.54
   34.00
   32.47
   19.73
   34.83
   37.29
   27.48
   41.34
   37.67
   41.52
   43.76
   24.73
   31.38
   32.58
   37.83
   31.47
   52.09
   22.70
   27.79
   41.96
   35.53
   48.61
   28.38
   53.83
   42.86
   40.13
   35.76
   42.97
   24.37
   47.06
   22.64
   39.67
   27.74
   39.17
   22.85
   23.13
   52.05
   18.43
   18.94
   42.12
   56.21
   32.85
   36.26
   35.15
   32.67
   41.06
   28.13
   38.51
   34.96
   23.42
   25.62
   19.33
   43.94
   45.27
   21.63
   23.22
   49.42
   45.20
   35.39
   13.40
   33.55
   48.17
   40.37
   19.78
   21.05
   48.88
   33.55
   21.98
   26.56
   40.11
   24.90
   47.96
   40.68
   26.36
   44.12
   18.01
   40.04
   27.74
   40.86
   22.37
   50.51
   30.92
   36.82
   48.44
   37.22
   22.29
   37.77
   28.30
   49.11
   44.17
   18.23
   25.26
   46.55
   47.25
   16.21
   31.90
   21.41
   24.86
   32.03
   31.49
   22.27
   31.66
   37.35
   31.85
   40.99
   26.88
   45.60
   17.77
   40.50
   44.03
   27.34
   21.79
   15.86
   26.09
   32.29
   28.23
   47.62
   17.32
   37.12
   38.95
   32.40
   46.25
   28.90
   22.76
   22.31
   33.78
   33.73
   14.92
   27.55
   24.83
   26.71
   22.68
   37.22
   40.35
   28.11
   33.85
   50.16
   24.55
   44.66
   42.07
   44.34
   26.79
   50.55
   24.54
   39.62
   38.66
   23.29
   23.79
   35.98
   23.48
   21.20
   25.91
   52.24
   41.71
   22.53
   47.81
   33.74
   37.34
   32.84
   25.14
   22.21
   52.81
   46.99
   25.76
   40.94
   55.74
   35.64
   20.20
   28.88
   54.59
   34.06
   32.80
   34.64
   41.86
   25.69
   21.92
   27.62
   41.04
   38.24
   15.83
   36.10
   48.86
   46.59
   26.40
   41.77
   19.97
   18.27
   33.73
   20.34
   23.86
   37.61
   43.21
   17.92
   32.80
   23.81
   17.82
   22.35
   33.86
   36.28
   42.23
   40.49
   31.37
   28.05
   26.39
   42.95
   45.59
   38.23
   26.21
   28.42
   33.06
   31.59
   43.23
   22.16
   23.11
   24.72
   27.54
   48.75
   43.59
   23.41
   42.08
   33.03
   43.60
   41.01
   33.77
   57.08
   37.39
   23.52
   33.65
   24.10
   50.69
   27.44
   46.89
   25.86
   24.87
   37.01
   30.40
   36.24
   19.89
   21.01
   40.06
   31.33
   27.26
   26.63
   54.37
   29.59
   40.58
   51.45
   15.50
   42.94
   45.71
   18.19
   37.83
   45.85
   25.04
   45.34
   29.77
   43.63
   24.24
   36.95
   34.03
   21.19
   26.17
   43.24
   30.65
   15.04
   39.61
   48.91
   21.58
   56.17
   43.02
   21.48
   31.28
   30.13
   36.61
   42.92
   39.14
   25.08
   42.31
   28.77
   32.87
   57.45
   31.54
   28.84
   26.70
   54.27
   33.58
   25.23
   42.91
   27.82
   29.46
   13.03
   44.34
   34.20
   26.97
   40.62
   25.73
   28.43
   21.31
   17.27
   54.37
   31.89
   35.00
   42.44
   36.37
   26.34
   22.92
   27.63
   23.63
   47.61
   27.91
   23.27
   28.15
   33.69
   20.29
   31.28
   44.24
   49.59
   47.61
   50.78
   25.52
   33.42
   14.90
   38.01
   27.66
   44.82
   23.61
   30.35
   40.24
   29.38
   31.23
   22.88
   32.45
   38.33
   47.51
   55.24
   43.30
   24.01
   50.16
   42.73
   30.59
   28.55
   35.65
   37.23
   27.21
   24.47
   37.18
   29.79
   18.93
   41.78
   34.12
   26.50
   21.49
   32.25
   27.70
   36.43
   39.58
   28.82
   22.30
   17.46
   23.72
   47.42
   56.40
   25.36
   22.82
   38.04
   37.27
   34.61
   35.62
   31.63
   25.39
   22.62
   33.32
   27.18
   31.55
   24.23
   33.58
   34.10
   31.88
   42.13
   28.57
   26.61
   50.10
   17.29
   28.09
   31.70
   36.31
   37.43
   24.06
   26.79
   50.34
   41.07
   27.56
   47.34
   28.85
   31.73
   19.46
   27.73
   37.68
   41.87
   41.59
   22.46
   37.86
   45.87
   25.50
   24.41
   36.46
   46.15
   24.62
   31.76
   25.19
   21.81
   33.04
   39.98
   19.18
   19.58
   35.15
   49.18
   36.96
   45.39
   20.41
   22.38
   29.89
   37.30
   32.40
   22.59
   52.51
   51.53
   23.39
   29.48
   14.87
   25.47
   27.94
   14.52
   35.92
   24.29
   25.78
   35.00
   29.87
   45.26
   24.08
   32.55
   37.00
   29.14
   43.31
   25.08
   31.80
   25.48
   21.14
   49.14
   19.25
   28.87
   39.71
   15.64
   32.40
   41.83
   42.87
   33.54
   48.68
   23.51
   34.38
   53.23
   27.58
   22.82
   49.73
   27.04
   24.20
   25.03
   30.48
   37.24
   41.91
   26.88
   22.82
   44.60
   22.64
   39.70
   44.88
   30.17
   53.17
   39.77
   19.47
   28.64
   43.55
   38.35
   28.67
   50.23
   28.70
   47.26
   22.41
   20.57
   25.37
   26.72
   17.66
   33.83
   48.18
   28.32
   40.28
   25.95
   49.28
   35.55
   49.70
   22.31
   31.74
   38.29
   31.40
   36.88
   39.42
   34.92
   33.38
   32.33
   24.45
   43.75
   28.39
   45.80
   42.33
   26.36
   45.31
   17.98
   33.19
   26.67
   21.26
   43.38
   41.35
   24.94
   48.46
   19.84
   57.07
   50.91
   49.80
   27.12
   43.60
   52.82
   24.43
   35.72
   25.36
   32.02
   43.80
   30.15
   30.78
   28.75
   37.42
   27.16
   46.44
   26.19
   48.44
   39.18
   28.34
   26.08
   17.61
   39.49
   32.52
   18.35
   25.88
   30.74
   26.66
   28.48
   46.82
   39.13
   18.39
   31.95
   21.57
   48.87
   43.10
   34.08
   29.24
   35.48
   34.61
   18.72
   17.36
   33.18
   31.75
   43.84
   33.58
   37.45
   24.68
   34.36
   41.75
   33.14
   34.70
   44.39
   47.49
   48.42
   34.83
   39.31
   25.27
   23.60
   21.15
   50.61
   33.46
   42.07
   50.59
   23.88
   44.98
   44.77
   16.70
   26.12
   22.85
   39.63
   49.74
   32.40
   21.56
   27.18
   30.56
   34.22
   35.82
   26.35
   36.75
   22.81
   40.68
   25.15
   40.55
   47.34
   68.45
    9.29
   19.98
   42.64
   12.91
   19.14
   15.18
   45.39
   47.35
   26.72
   45.21
   24.03
   29.75
   28.53
   19.95
   15.39
   16.50
   24.67
   38.41
   17.99
   47.62
   46.51
   20.69
   17.58
   26.65
   13.16
   41.26
   31.45
   49.93
   12.16
   50.58
   22.21
   31.80
   21.59
   46.73
   59.35
   21.72
   56.02
   14.53
   49.74
   18.22
   36.94
   22.28
   20.70
   32.63
   18.41
   32.62
   53.57
   48.82
   16.84
   35.90
   31.31
   35.11
   27.42
   42.63
   43.37
   48.65
   42.37
   29.80
   11.10
   32.88
   23.92
   14.20
   43.10
   28.58
   31.30
   21.82
   20.04
   44.41
   38.23
   35.94
   22.18
   25.49
   40.26
   35.22
   25.18
   44.28
   44.28
   29.44
   41.84
   25.14
   20.58
   30.86
   19.85
   28.61
   43.51
   33.63
   32.57
   23.37
   24.00
   17.41
   31.72
   42.91
   27.84
   30.15
   29.96
   32.57
   29.25
   46.05
   30.83
   25.51
   25.25
   48.87
   27.76
   36.48
   25.16
   48.13
   35.05
   26.15
   29.01
   40.21
   35.38
   32.46
   41.33
   31.11
   25.71
   39.99
   48.25
   24.93
   43.98
   38.44
   20.82
   15.06
   48.45
   33.54
   25.21
   45.77
   32.82
   21.52
   31.11
   43.27
   43.19
   26.11
   37.15
   36.06
   19.84
   17.10
   35.04
   16.71
   28.85
   10.86
   19.30
   34.52
   21.69
   39.63
   32.34
   49.07
   25.10
   32.29
   36.93
   28.40
   30.28
   40.21
   24.19
   36.84
   28.53
   40.95
   30.66
   26.80
   31.49
   27.09
   47.27
   37.22
   49.98
   45.80
   32.32
   41.95
   28.14
   17.35
   30.38
   24.80
   27.30
   20.91
   23.55
   32.39
   36.00
   27.35
   44.60
   25.71
   38.73
   27.17
   26.63
   35.22
   38.38
   22.85
   46.41
   22.58
   33.84
   23.70
   40.27
   30.92
   24.55
   26.55
   29.37
   48.06
   33.63
   13.44
   41.92
   33.63
   21.88
   44.04
   22.54
   22.85
   44.74
   27.47
   30.33
   29.13
   52.68
   45.12
   40.23
   24.64
   55.57
   20.63
   15.32
   14.02
   52.65
   31.72
   23.00
   27.48
   22.73
   33.98
   20.12
   24.88
   14.83
   44.31
   48.53
   46.06
   12.64
   47.77
   30.89
   30.70
   29.47
   40.41
   26.02
   36.65
   36.76
   30.86
   55.43
   20.18
   36.44
   23.74
   24.36
   43.95
   17.38
   28.54
   25.22
   40.53
   44.53
   49.01
   30.42
   50.02
   40.41
   33.38
   47.92
   38.60
   44.92
   38.82
   39.34
   32.68
   52.72
   30.64
   18.57
   36.67
   20.09
   36.57
   47.28
   17.31
   16.31
   42.36
   39.11
   31.69
   45.85
   44.18
   17.17
   36.36
   21.72
   31.26
   15.19
   31.57
   35.20
   47.00
   45.30
   33.45
   43.03
   50.14
   24.48
   39.07
   44.94
   26.04
   42.49
   15.42
   58.77
   27.40
   44.96
   43.15
   38.17
   40.48
   50.11
   23.33
   31.62
   42.58
   42.15
   41.24
   44.25
   24.73
   30.29
   49.82
   24.55
   22.87
   24.44
   50.25
   44.19
   45.25
   18.75
   30.95
   32.45
   26.17
   28.52
   23.07
   24.54
   19.18
   19.86
   35.66
   36.60
   31.49
   50.79
   35.06
   51.89
   38.72
   39.64
   26.02
   43.37
   23.19
   19.71
   39.21
   46.42
   29.46
   38.22
   14.49
   26.33
   31.87
   27.87
   38.78
   41.34
   35.49
   35.25
   46.94
   28.58
   37.78
   22.28
   17.68
   42.25
   40.74
   15.14
   20.14
   44.30
   22.37
   27.72
   27.89
   45.24
   37.22
   29.42
   32.67
   50.13
   29.70
   28.36
   24.00
   24.91
   49.18
   40.27
   37.64
   27.63
   49.34
   33.79
   43.76
   31.70
   23.36
   21.19
   14.14
   37.86
   27.99
   25.85
   48.89
   25.20
   23.03
   20.07
   27.76
   34.37
   22.24
   31.85
   40.80
   36.78
   45.21
   40.46
   30.15
   20.61
   31.45
   37.81
   51.36
   34.02
   49.58
   24.16
   21.28
   29.41
   37.53
   32.15
   33.79
   28.35
   47.03
   24.27
   31.90
   44.36
   17.65
   18.01
   29.11
   45.69
   36.00
   29.73
   36.28
   32.08
   25.63
   44.04
   30.74
   35.10
   47.80
   41.21
   40.29
   24.54
   50.26
   30.24
   28.44
   28.14
   24.98
   39.09
   40.89
   44.37
   19.01
   27.52
   48.46
   22.49
   24.69
   36.66
   21.58
   28.06
   26.60
   29.81
   31.60
   37.90
   27.15
   34.38
   49.12
   40.57
   42.82
   29.67
   53.01
   34.48
   16.33
   40.78
   31.16
   24.61
   44.10
   36.19
   12.91
   22.19
   30.39
   39.13
   31.38
   22.62
   26.22
   42.45
   39.73
   30.63
   31.53
   42.06
   42.68
   27.86
   31.41
   20.00
   34.89
   48.42
   45.55
   27.74
   14.51
   29.90
   30.03
   27.67
   42.06
   23.08
   28.64
   25.38
   19.01
   36.64
   27.74
   20.82
   26.99
   40.16
   50.79
   38.83
   38.64
   48.26
   48.84
   21.27
   25.03
   30.88
   22.52
   23.72
   26.27
   18.10
   21.74
   24.58
   32.71
   32.25
   33.21
   29.14
   38.96
   25.12
   46.14
   30.68
   26.45
   19.28
   38.33
   15.52
   43.40
   30.58
   33.19
   30.83
   22.96
   19.94
   28.82
   17.98
   43.34
   22.31
   45.44
   20.28
   33.18
   41.40
   25.08
   23.74
   39.15
   44.64
   26.71
   24.67
   43.07
   49.44
   36.56
   32.73
   16.98
   44.06
   23.89
   43.52
   15.38
   42.98
   27.67
   28.94
   36.15
   17.46
   27.75
   45.12
   20.54
   37.85
   57.81
   43.22
   25.33
   25.00
   27.65
   33.66
   20.58
   41.17
   32.91
   19.17
   33.29
   22.60
   37.01
   14.51
   63.10
   32.80
   41.67
   36.63
   16.76
   31.22
   23.54
   49.01
   47.34
   44.92
   29.30
   21.06
   21.94
   49.28
   33.66
   20.93
   22.34
   48.19
   30.34
   20.65
   23.24
   49.57
   38.44
   37.88
   18.76
   35.56
   45.53
   42.67
   44.29
   45.85
   23.94
   23.64
   23.31
   46.42
   33.89
   19.10
   28.82
   48.71
   26.75
   43.29
   26.62
   46.10
   36.41
   28.74
   34.47
   18.63
   42.01
