   19.59
   33.66
   27.01
   19.28
   18.65
   32.45
   32.09
   34.13
   27.46
   23.52
   37.11
   17.08
   33.71
   20.70
   16.90
   31.50
   24.56
   26.77
   32.33
   34.62
   22.97
   20.25
   30.80
   27.50
   42.81
   39.72
   22.63
   19.76
   41.46
   25.96
   16.05
   29.20
   27.22
   30.30
   17.77
   31.51
   15.33
   27.19
   28.57
   14.76
   28.57
   22.64
   27.70
   17.69
   21.94
   20.95
   24.84
   23.50
   30.85
   25.76
   11.91
   14.70
   13.82
   17.32
   25.75
   29.75
   23.57
   17.91
   23.59
   32.51
   31.94
   23.87
   30.40
   29.47
   22.71
   20.86
   17.17
   20.11
   21.37
   29.40
   24.25
   27.85
   17.56
   22.23
   14.37
   15.95
   25.52
   31.59
   28.61
   33.22
   22.27
   14.01
   28.97
   15.29
   19.65
   23.36
   37.12
   27.47
   24.22
   23.64
   19.60
   32.05
   26.83
   31.07
   20.75
   34.91
   22.17
   21.88
   22.63
   25.33
   18.23
   29.44
   19.02
   27.43
   21.69
   40.43
   20.21
   30.15
   30.05
   26.07
   31.15
   17.43
   30.81
   16.86
   34.06
   29.48
   20.20
   15.89
   19.82
   21.66
   24.47
   28.56
    8.51
   11.79
   22.14
   20.74
   16.49
   30.25
   22.25
   28.58
   18.07
   28.17
   23.47
   29.67
   21.62
   21.68
   10.33
   24.73
   26.72
   20.46
   16.31
   25.17
   27.12
   33.00
   27.63
   33.77
   17.64
   17.59
   24.82
   39.01
   18.86
   35.46
   27.80
   27.96
   31.01
   28.06
   17.85
   15.08
   14.91
   18.08
   21.27
   25.40
   33.47
   23.19
   17.06
   30.94
   20.84
   33.68
   19.90
   25.31
   34.48
   43.12
   25.92
   18.98
   22.55
   26.02
   16.06
   19.72
   23.99
   27.95
   23.99
   19.07
   31.82
   29.54
   23.70
   30.87
   19.56
   13.14
   16.04
   28.82
   14.69
   23.73
   35.33
   23.36
   30.59
   36.41
   15.63
   20.73
   30.25
   22.30
   17.74
   18.32
   20.41
   18.95
   24.53
   19.82
   23.62
   21.62
   18.51
   32.27
   27.00
   34.66
   26.07
   36.64
   28.53
   15.15
   22.13
   23.93
   19.74
   47.93
   40.66
   32.09
   22.21
   22.66
   32.03
   13.57
   15.00
   25.45
   30.72
   41.00
   33.41
   24.95
   27.77
   23.99
   14.80
   28.74
   31.24
   10.07
   25.87
   34.47
   27.60
   26.97
   16.93
   39.24
   31.40
   16.47
   42.45
   31.13
   16.59
   19.11
   33.75
   36.45
   17.52
   13.47
   34.32
   23.64
   27.63
   35.28
   29.52
   35.00
   23.83
   25.48
   21.25
   10.79
   25.92
   22.10
   33.45
   27.34
   34.61
   29.28
   36.09
   26.75
   31.52
   25.61
   14.34
   20.85
   17.50
   23.63
   16.65
   11.95
   19.04
   28.41
   18.83
   29.60
   30.32
   23.74
   26.52
   29.31
   30.94
   34.50
   18.34
   17.63
   23.48
   17.40
   30.51
   14.40
   17.65
   25.12
   33.76
   28.36
   18.29
   13.80
   23.86
   29.73
   34.79
   29.16
   29.50
   34.84
   40.81
   18.66
   26.18
   22.27
   39.15
   19.31
   21.35
   25.11
   27.21
   24.75
   14.87
   17.11
   23.85
   31.09
   22.06
   28.52
   19.24
   23.39
   20.36
   18.82
   24.71
   38.58
   20.15
   15.30
   20.58
   34.92
   24.03
   23.67
   31.79
   25.45
   28.89
   32.76
   27.82
   25.56
   33.15
   14.75
   32.23
   32.02
   24.79
   23.24
   16.18
   24.35
   18.10
   40.66
   24.97
   15.73
   21.77
   18.66
   18.02
   18.81
   25.55
   32.41
   30.84
   24.74
   34.22
   24.91
   37.57
   28.77
   22.01
   17.22
   36.09
   25.39
   30.67
   18.39
   20.50
   19.63
   12.75
   16.17
   22.95
   41.30
   36.67
   28.87
   19.79
   36.43
   32.01
   22.28
   27.15
   27.71
   18.48
   24.76
   29.03
   24.88
   27.81
   15.79
   28.82
   27.08
   21.80
   15.99
   22.52
   13.51
   19.58
   29.73
   31.07
   28.06
   33.82
   30.71
   17.42
   31.09
   19.11
   17.54
   23.64
   31.09
   41.09
   24.88
   26.89
   25.83
   35.42
   15.94
   31.59
   38.54
   26.04
   27.16
   26.00
   12.99
   37.06
   21.55
   23.90
   24.47
   29.56
   30.29
   34.85
   25.30
   26.68
   33.58
   35.13
   19.93
   33.56
   31.78
   17.88
   15.44
   29.95
   27.91
   16.84
   20.29
   20.53
   17.01
   24.21
   28.39
   32.55
   30.76
   35.07
   26.30
   26.04
   27.06
   20.91
   20.34
   23.29
   19.55
   21.20
   32.56
   23.18
   22.69
   31.92
   19.56
   20.31
   22.12
   29.85
   28.86
   26.21
   19.62
   34.32
   18.56
   21.75
   16.05
   18.05
   19.72
   25.66
   41.37
   28.20
   32.37
   26.05
   27.06
   24.91
   12.48
   23.46
   20.64
   26.15
   32.69
   27.10
   28.27
   36.05
   25.84
   17.97
   27.65
   31.53
   27.30
   28.25
   28.32
   33.91
   24.61
   27.67
   20.43
   24.90
   25.36
   31.62
   27.85
   32.98
   27.38
   13.95
   32.93
   28.42
   26.49
   21.51
   19.38
   24.90
   25.67
   21.90
   29.68
   20.85
   33.41
   23.69
   15.10
   19.25
   22.57
   25.79
   27.27
   34.16
   22.84
   33.51
   31.05
   17.72
   26.50
   24.18
   27.65
   23.46
   10.68
   16.22
   18.59
   18.35
   25.42
   16.21
   17.83
   22.65
   24.26
   23.06
   24.17
   25.62
   18.43
   25.69
   28.94
   26.96
   32.10
   31.23
   24.72
   22.77
   16.02
   15.46
   33.28
   25.77
   21.18
   20.32
   32.90
   36.20
   17.03
   24.17
   21.57
   27.89
   16.10
   16.74
   16.75
   14.01
   31.94
   25.69
   27.33
   19.48
   22.66
   17.66
   21.27
   29.00
   18.80
   36.32
   16.49
   26.39
   39.14
   25.97
   33.07
   31.89
   22.92
   13.89
   25.34
   31.49
   30.52
   26.96
   17.42
   33.38
   27.89
   26.80
   26.30
   26.30
   27.99
   21.02
   19.64
   33.49
   20.88
   17.79
   39.80
   29.51
   16.23
   21.17
   35.90
   35.40
   16.22
   27.94
   42.19
   17.67
   27.97
   34.05
   24.75
   12.75
   25.20
   21.77
   25.79
   20.49
   17.12
   13.66
   18.80
   34.50
   43.32
   18.83
   26.25
   29.10
   21.96
   22.96
   14.85
   29.78
   32.09
   22.36
   18.99
   38.69
   27.77
   25.20
   18.35
   35.12
   24.47
   17.11
   11.97
   29.18
   29.03
   36.00
   37.43
   22.22
   25.44
   29.54
   26.83
   22.54
   17.66
   15.59
   18.78
   30.95
   19.80
   21.98
   27.38
   16.22
   18.84
   32.82
   31.21
   12.38
   15.21
   28.06
   29.48
   28.07
   31.55
   28.25
   12.89
   20.72
   13.51
   25.78
   21.04
   24.81
   33.74
   20.16
   20.82
   23.07
   36.17
   32.43
   21.92
   30.84
   24.99
   27.80
   23.70
   21.98
   23.53
   15.06
   19.70
   19.47
   29.01
   33.14
   23.54
   16.24
   23.89
   26.35
   27.30
   22.90
    9.94
   22.65
   15.83
   26.48
   18.79
   29.69
   26.34
   17.32
   29.98
   24.35
   20.80
   29.53
   38.82
    7.91
   34.78
   20.45
   32.94
   38.14
   14.53
   36.81
   26.50
   23.31
   30.49
   20.02
   16.69
   26.14
   31.72
   24.50
   27.74
   17.10
   15.31
   32.80
   27.66
   27.62
   26.82
   43.51
   27.96
   19.84
   22.03
    9.67
   24.31
   12.34
   28.88
   42.77
   19.89
   29.46
   35.30
   44.36
   33.37
   15.30
   29.57
   32.97
   33.76
   20.44
   21.91
   20.25
   16.67
   25.40
   19.01
   39.15
   29.09
   40.63
   32.21
   24.02
   26.18
   20.02
   34.42
   23.57
   23.94
   19.89
   20.70
   29.23
   27.82
   28.67
   20.21
   27.77
   20.80
   24.14
   22.96
   39.35
   27.60
   15.45
   29.47
   28.66
   31.98
   40.33
   31.33
   16.31
   33.59
   36.20
   24.45
   27.70
   19.37
    8.50
   23.41
   16.48
   34.13
   18.46
   13.30
   23.74
   26.75
   29.60
   19.89
   15.28
   10.65
   25.48
   26.84
   26.24
   32.57
   22.70
   21.05
   32.21
   14.33
   25.96
   26.32
   19.23
   33.32
   32.42
   31.41
   25.68
   18.31
   24.88
   23.72
   29.49
   10.55
   22.94
   25.80
   24.64
   29.01
   28.40
   15.72
   24.30
   20.46
   23.51
   28.31
   27.18
   25.56
   26.18
   38.02
   11.04
   20.65
   19.08
   25.98
   23.66
   25.71
   23.60
   20.09
   23.26
   21.34
   35.24
   20.29
   28.11
   20.70
   16.37
   26.29
   22.71
   28.82
   22.53
   29.46
   24.13
   29.75
   21.45
   20.53
   44.91
   24.49
   18.70
   26.98
   17.64
   34.04
   17.38
   29.44
   28.44
   12.95
   26.66
   21.26
   19.35
   24.34
   17.43
   26.00
   26.01
   26.13
   28.08
   45.03
   28.08
   22.63
   36.74
   24.17
   17.90
   27.13
   18.33
   13.78
   20.50
   31.35
   24.31
   32.37
   17.38
   22.92
   27.67
   33.96
   28.30
   36.45
   14.26
   33.90
   29.27
   36.24
   24.65
   31.09
   22.69
   26.40
   26.72
   46.95
   22.00
   24.22
   28.87
   25.29
   18.81
   17.90
   19.24
   23.57
   26.62
   21.48
   28.59
   29.72
   25.49
   18.28
   14.46
   11.10
   23.38
   23.60
   33.09
   30.52
   25.58
   36.25
   16.24
   30.93
   26.79
   27.75
   26.19
   21.59
   41.30
   15.79
   23.07
   38.48
   17.38
   18.13
    9.69
   17.70
   29.90
   17.09
   27.53
   41.27
   34.63
   23.67
   15.15
   24.70
   19.99
   21.76
   31.72
   22.93
   37.68
   13.94
   22.44
   16.65
   24.53
   32.79
   28.97
   20.41
   24.79
   27.21
   30.51
   24.46
   26.21
   48.72
   26.94
   14.62
   24.24
   18.48
   28.72
   18.70
   27.77
   16.50
   30.09
   21.35
   25.13
   26.37
   14.42
   40.86
   16.31
   33.20
   19.40
   29.49
   24.34
   30.38
   48.36
   27.28
   28.49
   36.56
   19.59
   16.52
   14.30
   16.61
   28.39
   28.06
   26.15
   27.52
   34.97
   26.17
   19.33
   38.36
   28.03
   30.84
   18.40
   23.19
   18.19
   32.65
   30.30
   33.84
   19.25
   30.64
   25.69
   24.06
   27.80
   24.90
   25.93
   35.02
   29.74
   28.65
   17.80
   14.18
   31.47
   21.21
   17.47
   21.28
   40.78
   23.11
   25.14
   18.67
   23.88
   19.61
   26.92
   19.07
   27.03
   20.18
   29.14
   17.45
   36.90
   23.76
   28.81
   27.54
   17.74
   32.07
   18.18
   23.84
   30.42
   31.55
   22.56
   29.95
   24.34
   20.25
   32.44
   29.31
   36.32
   32.55
   15.43
   27.99
   33.48
   30.41
    9.93
   25.78
   17.72
   20.41
   32.68
   23.76
   20.10
   21.32
   23.70
   21.90
   24.49
   26.35
   21.71
   15.04
   26.65
   28.37
   31.14
   20.93
   35.36
   38.51
   34.37
   18.27
   27.85
   17.18
   18.49
   29.22
   35.61
   19.08
   14.56
   20.37
   22.52
   27.89
   29.77
   15.08
   35.50
   25.60
   17.29
   41.55
   37.37
   16.52
   21.80
   20.63
   28.22
   33.88
   17.37
   28.93
   25.19
   32.93
   31.96
   20.57
   31.89
   12.68
   18.17
   31.14
   36.48
   23.87
   25.72
   22.76
   18.74
   22.18
   15.12
   26.12
   16.21
   22.34
   30.36
   29.46
   29.09
   23.43
   28.49
   18.94
   29.68
   21.11
   23.40
   17.12
   26.21
   20.00
   29.74
   24.23
   20.81
   25.21
   18.97
   32.39
   29.36
   19.44
   28.17
   25.68
   22.55
   26.71
   26.67
   17.90
   19.09
   19.45
   18.16
   35.41
   28.09
   26.96
   27.76
   31.95
   42.02
   19.79
   27.85
   27.55
   38.17
   32.04
   16.86
   21.66
   37.65
   18.39
   17.84
   24.35
   15.69
   20.98
   24.89
   24.70
   20.16
   20.38
   27.56
   28.20
   19.24
   27.49
   33.39
   19.92
   21.74
   18.61
   39.04
   28.94
   27.67
   34.13
   25.29
   31.67
   23.59
   18.49
   16.33
   20.31
   16.87
   24.50
   29.60
   33.12
   28.33
   21.87
   34.46
   18.20
   20.08
   20.84
   15.70
   19.86
   28.95
   23.51
   20.29
   34.49
   19.88
   11.13
   21.05
   21.35
   32.52
   19.94
   30.67
   25.50
   19.41
   24.19
   16.63
   20.61
   18.94
   33.58
   35.50
   16.80
   20.14
   30.86
   27.82
   16.12
   36.57
   21.21
   22.39
   12.39
   21.88
   26.23
   23.80
   32.02
   30.16
   28.50
   27.75
   29.60
   18.48
   33.61
   14.86
   20.31
   19.95
   32.94
   14.38
   26.69
   20.84
   20.23
   25.73
   26.46
   24.53
   33.70
   18.93
   22.21
   27.70
   18.87
   26.06
   20.24
   12.03
   22.14
   26.26
   26.65
   29.01
   32.93
   23.06
   34.06
   17.51
   23.46
   17.17
   28.30
   16.68
   24.92
   19.12
   23.94
   16.95
   18.32
   16.59
   17.65
   32.48
   24.34
   20.21
   20.07
   25.95
   29.29
   17.02
   41.12
   39.10
   22.49
   34.89
   21.87
   20.67
   26.18
   30.63
   33.91
   23.91
   22.13
   25.42
   39.81
   31.92
   25.07
   21.76
   29.09
   20.80
   29.73
   18.98
   21.73
   17.24
   21.18
   20.74
   23.28
   28.19
   27.25
   19.90
   27.54
   22.45
   27.52
   32.65
   23.17
   33.62
   32.45
   27.33
   13.35
   32.96
   24.30
   26.54
   25.85
   22.46
   21.26
   27.50
   39.16
   16.68
   15.22
   28.70
   28.87
   20.91
   21.30
   26.52
   32.39
   15.17
   19.56
   24.30
   24.45
   37.40
   38.27
   20.02
   34.24
   21.79
   38.59
   30.38
   32.05
   12.58
   28.71
   18.85
   33.90
   17.94
   20.10
   25.86
   24.32
   12.02
   23.64
   18.35
   18.87
   30.16
   17.39
   26.43
   15.31
   24.93
   33.90
   18.47
   22.53
   26.79
   21.02
   28.28
   25.72
   32.57
   17.86
   32.42
   12.17
   24.58
   31.04
   33.94
   26.41
   26.35
   29.79
   17.33
   25.14
   34.44
   21.18
   27.86
   17.34
   38.26
   26.87
   15.77
   28.23
   17.59
   19.37
   26.10
   33.13
   34.70
   18.05
   17.64
   37.51
   14.74
   23.76
   21.92
   20.66
   20.07
   17.75
   16.41
   19.50
   16.31
   21.91
   17.73
   28.10
   28.54
   28.82
   14.07
   20.13
   28.42
   16.26
   16.98
   23.70
   14.76
   13.71
   23.14
   25.51
   23.98
   14.17
   20.22
   24.78
   25.26
   19.06
   27.13
   37.84
   18.13
   33.72
   20.61
   29.36
   25.59
   32.85
   17.21
   20.03
   19.23
   16.75
   18.90
   30.25
   27.46
   25.72
   12.95
   24.19
   18.60
   18.84
   19.26
   19.85
   30.86
   23.78
   29.10
   27.42
   28.47
   21.81
   26.84
   19.55
   26.35
   31.70
   30.77
   29.16
   28.48
   33.57
   26.29
   21.73
   29.37
   21.37
   20.38
   27.76
   30.78
   22.25
   26.09
   16.66
   25.75
   24.72
   31.30
   14.91
   22.69
   34.58
   18.91
   21.42
   31.55
   25.57
   19.11
   27.09
   11.64
   21.76
   27.12
   33.58
   35.32
   24.30
   27.04
   22.54
   30.70
   34.45
   10.98
   15.44
   19.19
   32.23
   12.77
   23.74
   30.77
   20.67
   24.70
   24.88
   34.13
   21.66
   19.00
   25.88
   29.82
   24.60
   20.60
   25.60
   19.11
   40.83
   17.55
   26.91
   23.14
   27.62
   18.84
   27.37
   20.03
   22.48
   23.61
   26.67
   30.24
   38.59
   26.85
   30.07
   23.18
   36.08
   12.64
   19.86
   28.94
   16.32
   26.73
   30.22
   25.80
   38.51
   28.04
   21.67
   22.61
   30.60
   29.22
   15.24
   23.01
   32.01
   18.94
   26.36
   20.99
   28.78
   21.63
   11.06
   23.71
   34.31
   29.99
   33.81
   23.98
   21.19
   30.32
   25.55
   20.48
   37.54
   25.19
   31.16
   20.82
   17.07
   20.33
   29.89
   33.58
   22.74
   31.04
   25.55
   21.49
   18.19
   35.91
   20.06
   29.24
   23.95
   17.54
   22.22
   27.05
   25.59
   29.47
   24.22
   31.51
   32.49
   37.03
   23.21
   33.42
   30.46
   16.56
   19.16
   22.04
   27.29
   24.65
   27.33
   27.41
   34.31
   13.89
   20.30
   17.85
   28.62
   26.97
   15.84
   29.33
   18.46
   36.08
   30.03
   19.24
   15.41
   30.69
   27.28
   23.74
   23.30
   17.46
   27.65
   30.99
   14.63
   31.19
   28.18
   18.88
   23.70
   35.82
   27.32
   19.44
   37.73
   19.46
   28.69
   22.96
   14.32
   15.43
   18.97
   30.32
   19.44
   14.77
   23.05
   32.54
   27.32
   18.02
   25.57
   14.61
   18.88
   26.79
   20.08
   19.70
   31.11
   34.94
   18.56
   21.41
   25.61
   24.41
   16.65
   23.89
   18.95
   15.00
   33.92
   31.25
   26.20
   18.21
   17.23
   28.41
   16.16
   32.72
   17.48
   13.16
   33.01
   36.44
   29.32
   23.96
   16.83
   27.04
   16.18
   14.51
   26.38
   33.89
   14.56
   13.71
   24.92
   30.11
   29.59
   37.20
   35.74
   15.61
   40.57
   24.60
   14.05
   25.39
   35.79
   33.58
   14.64
   45.40
   22.88
   29.97
   21.76
   29.51
   24.43
   30.54
   24.12
   18.51
   26.74
   25.75
   27.67
   30.66
   26.26
   20.75
   31.51
   39.70
   18.95
   31.81
   34.67
   35.34
   26.19
   44.28
   21.11
   18.66
   20.32
   17.50
   21.39
   23.26
   26.14
   19.40
   30.87
   29.35
   17.13
   28.58
   24.72
   31.58
   25.59
   18.40
   26.67
   26.65
   30.66
   25.07
   27.88
   26.46
   26.07
   33.86
   27.54
   41.67
   21.32
   34.12
   30.60
   28.51
   23.03
   19.67
   24.80
   21.69
   12.69
   35.37
   27.64
   33.69
   33.18
   32.71
   30.89
   28.06
   13.63
   26.22
   26.46
   35.97
   16.51
   13.35
   31.98
   35.52
   19.99
   32.52
   20.28
   30.03
   16.03
   18.80
   15.10
   25.66
    8.38
   32.91
   27.97
   16.04
   25.76
   21.40
   18.67
   16.24
   19.55
   30.62
   12.81
   26.51
   29.97
   29.59
   15.92
   21.75
   17.97
   25.43
   22.64
   25.02
   21.10
   34.80
   22.95
   25.95
   23.69
   35.36
   18.37
   24.59
   25.26
   25.50
   19.99
   29.75
   36.44
   15.63
   23.36
   26.15
   27.28
   22.75
   22.96
   17.36
   13.22
   30.08
   20.95
   35.18
   22.89
   37.49
   16.07
   22.58
   24.38
   19.36
   23.03
   28.97
   30.84
   14.59
   18.60
   15.58
   25.01
   28.18
   27.59
   24.37
   23.03
   16.76
   16.14
   22.94
   33.66
   24.48
   15.74
   22.96
   20.87
   21.91
   22.12
   15.65
   20.13
   26.94
   10.13
   26.38
   14.93
   27.92
   22.38
   41.96
   23.39
   14.09
   19.94
   35.65
   25.64
   31.32
   17.15
   31.17
   15.92
   16.01
   28.95
   22.77
   16.31
   29.76
   32.70
   13.60
   31.49
   23.45
   20.54
   25.90
   24.56
   16.56
   23.78
   13.71
   19.77
   38.74
   28.00
   32.53
   21.17
   26.08
   19.15
   20.11
   28.07
   31.44
   29.94
   15.28
   24.31
   26.94
   30.79
   20.15
   19.24
   13.67
   34.20
   21.93
   36.63
   36.63
   26.60
   39.76
   27.48
   31.93
   33.85
   35.24
   53.52
   28.36
   21.39
   22.80
   21.51
   15.53
   26.06
   23.99
   41.83
   44.68
   28.42
   41.15
   30.97
   32.99
   32.99
   23.99
   15.08
   32.50
   20.22
   35.73
   36.83
   29.91
   21.96
   21.15
   34.87
   13.96
   37.75
   20.34
   23.35
   24.42
   26.89
   32.69
   19.75
   34.76
   27.53
   30.10
   28.81
   21.03
   29.41
   21.89
   27.29
   25.54
   20.55
   17.32
   25.05
   18.65
   23.36
   24.66
   26.73
   21.26
   20.21
   31.99
   23.49
   21.54
   30.41
   27.11
   17.89
   28.60
   23.93
   28.86
   22.62
   18.29
   17.02
   22.09
   27.90
   20.34
   27.02
   24.18
   24.20
   22.36
   32.09
   18.61
   12.69
   14.91
   38.16
   26.11
   14.09
   21.20
   33.53
   24.05
   38.11
   29.50
   18.79
   25.95
   11.56
   19.83
   11.19
   39.32
   18.15
   31.49
   18.99
   23.53
   26.62
   25.69
   27.09
   20.68
   36.07
   22.54
   27.70
   11.25
   22.63
   20.47
   18.51
   15.23
   26.09
   14.19
   31.54
   12.90
   35.61
   22.77
   32.73
   14.13
   26.89
   23.31
   25.98
   18.51
   18.39
   24.94
   23.35
   16.32
   15.33
   19.87
   25.53
   27.22
   25.44
   26.63
   28.40
   31.36
   14.77
   20.09
   25.29
   15.68
   30.51
   20.16
   33.32
   26.20
   18.13
   15.36
   19.94
   20.89
   32.07
   21.75
   25.56
   13.53
   47.71
   29.00
   24.95
   18.66
   25.25
   28.22
   24.67
   17.21
   10.96
   31.67
   18.82
   19.65
   25.88
   24.26
   17.97
   25.79
   22.65
   13.87
   35.40
   32.69
   30.63
   19.80
   30.04
   27.46
   34.93
   23.73
   37.91
   28.84
   21.92
   22.14
   34.07
   29.84
   22.06
   23.40
   27.54
   29.36
   17.30
   17.95
   15.65
   20.04
   18.54
   30.65
   21.96
   23.28
   31.21
   37.18
   28.01
   22.89
   25.74
   30.40
   33.02
   30.09
   32.62
   27.37
   18.83
   20.83
   26.78
   25.43
   34.57
   30.94
   21.73
   29.55
   24.43
   26.10
   24.36
   25.33
   20.69
   17.39
   32.57
   25.25
   24.36
   28.99
   30.88
   29.95
   33.95
   38.51
   19.83
   18.08
   35.10
   29.05
   41.07
   10.71
   21.40
   28.61
   19.95
   18.74
   27.18
   22.30
   26.76
   20.74
   33.49
   19.49
   23.97
   26.12
   38.90
   36.29
   13.41
   19.00
   17.24
   17.09
   18.69
   20.55
   31.07
   27.29
   22.74
   28.41
   29.48
   31.56
   17.12
   27.14
   18.34
   31.85
   14.60
   26.71
   24.89
   18.63
   28.40
   29.71
   20.37
   20.82
   19.76
   26.95
   23.94
   30.03
   17.93
   38.37
   16.36
   25.70
   30.81
   20.62
   24.52
   29.01
   22.59
   23.04
   24.20
   19.38
   23.38
   21.75
   26.88
   20.59
   28.69
   23.38
   19.75
   28.52
   27.26
   24.37
   23.51
   23.83
   38.73
   25.44
   10.78
   31.76
   21.67
   15.17
   34.34
   33.90
   23.38
   29.22
   32.27
   20.15
   28.79
   34.68
   32.98
   22.07
   25.47
   32.81
   19.77
   29.60
   33.51
   25.13
   31.04
   26.75
   15.25
   17.59
   23.94
   29.18
   14.83
   14.07
   21.55
   21.14
   26.53
   34.10
   19.32
   18.75
   13.80
   29.14
   34.73
   25.22
   22.20
   30.21
   34.81
   18.09
   25.99
   18.40
   45.90
   27.99
   26.46
   26.83
   18.50
   17.35
   28.18
   37.60
   23.52
   14.87
   20.68
   25.93
   19.06
   24.39
   31.43
   22.45
   30.71
   34.03
   18.74
   25.93
   29.96
   39.11
   22.47
   30.44
   38.53
   25.34
   32.74
   18.01
   17.64
   31.96
   25.17
   16.30
   45.03
   17.63
   28.06
   33.32
   20.14
   22.87
   18.90
   21.40
   15.34
   47.33
   27.34
   25.20
   26.76
   26.17
   23.83
   28.50
   31.16
   22.44
   22.15
   16.46
   30.14
   20.60
   16.38
   31.73
   24.48
   18.79
   21.09
   22.47
   26.16
   30.63
   17.31
   32.50
   32.48
   27.71
   22.12
   35.17
   31.27
   20.27
   24.50
   26.71
   20.07
   19.92
   30.43
   37.13
   31.80
   21.87
   25.59
   31.57
   17.77
   18.52
   18.76
   28.42
   30.13
   17.78
   21.44
   19.78
   10.81
   22.26
   19.50
   16.54
   17.64
   31.74
   19.16
   25.49
   17.49
   27.16
   36.64
   16.79
   22.63
   29.80
   27.74
   25.51
   36.80
   19.95
   19.25
   24.84
   20.82
   20.59
   22.41
   16.41
   31.73
   28.28
   26.29
   25.73
   27.36
   17.63
   28.59
   33.78
   25.39
   22.24
   33.04
   31.85
   23.21
   26.62
   17.01
   33.08
   16.14
   28.72
   32.62
   25.89
   17.79
   28.43
   23.24
   28.03
   25.16
   31.97
   32.87
   28.09
   22.55
   27.80
   22.43
   27.92
   27.93
   22.14
   26.52
   21.74
   23.21
   17.38
   28.96
   29.89
   17.31
   31.15
   19.94
   23.26
   28.58
   16.82
   35.36
   24.88
   26.91
   25.59
   37.52
   22.29
   14.33
   21.78
    8.16
   16.71
   18.78
   28.17
   30.04
   32.96
   20.20
   29.25
   29.30
   31.35
   20.07
   21.01
   31.61
   19.16
   39.26
   20.59
   27.17
   17.08
   26.98
   15.81
   31.35
   34.43
   37.36
   18.87
   22.13
   26.50
   17.86
   16.91
   20.71
   22.65
   30.67
   16.04
   16.18
   24.51
   24.04
   34.67
   22.84
   22.21
   21.09
   19.57
   20.11
   35.60
   24.76
   15.78
   27.31
   17.91
   41.07
   29.10
   25.98
   22.21
   32.75
   13.14
   28.24
   17.86
   12.00
   35.20
   20.90
   23.97
   34.16
   32.71
   32.75
   14.58
   25.58
   28.09
   32.17
   23.19
   21.03
   25.70
   30.88
   21.29
   25.26
   17.66
   28.45
   25.95
   24.28
   18.41
   30.19
   29.56
   26.15
   25.43
   22.50
   22.18
   14.12
   18.70
   25.29
   22.66
   26.18
   29.64
   19.91
   17.33
   31.40
   40.96
   21.98
   16.64
   26.44
   22.90
   21.74
   22.10
   20.39
   36.11
   25.95
   32.75
   28.50
   34.13
   17.18
   15.38
   23.87
   18.77
   20.27
   28.19
   32.84
   27.63
   19.15
   20.22
   17.13
   28.21
   22.64
   18.31
   28.57
   15.36
   34.63
   28.25
   23.81
   23.74
   17.84
   22.41
   18.79
   17.88
   17.75
   29.43
   26.20
   31.62
   20.44
   27.91
   13.19
   21.17
   39.51
   29.37
   24.18
   27.04
   31.35
   12.10
   35.91
   14.90
   23.06
   26.10
   22.81
   19.47
   32.12
   13.73
   27.44
   29.20
   32.16
   25.63
   17.92
   27.07
   24.82
   23.38
   18.44
   24.30
   26.31
   23.74
   31.84
   13.20
   14.55
   23.96
   22.05
   25.40
   17.44
   17.47
   31.20
   32.45
   24.71
   20.78
   27.91
   29.25
   20.72
   17.96
   16.46
   16.16
   21.73
   21.78
   23.22
   32.15
   21.69
   23.90
   21.83
   26.26
   32.90
   20.51
   27.34
   24.05
   21.48
   27.85
   25.38
   16.77
   11.98
   26.73
   25.54
   18.54
   39.25
   36.39
   17.47
   21.57
   25.25
   32.18
   26.66
   36.11
   23.67
   23.82
   42.68
   13.83
   20.31
   17.53
   11.76
   30.43
   24.27
   16.14
   18.79
   16.79
   34.82
   18.61
   35.53
   33.77
   34.15
   29.44
   11.82
   15.05
   15.84
   36.80
   28.30
   23.84
   16.29
   19.84
   14.88
   14.05
   21.40
   31.39
   25.57
   25.21
   26.74
   19.43
   27.76
   26.98
   24.50
   27.83
   35.53
   29.55
   31.38
   28.93
   26.77
   26.65
   22.54
   16.69
   26.19
   32.83
   31.68
   35.42
   28.30
   19.45
   21.26
   30.51
   24.42
   26.90
   23.77
   27.44
   28.75
   25.63
   15.76
   20.01
   28.35
   28.04
   21.52
   20.29
   30.19
   15.01
   29.37
   32.13
   32.99
   20.78
   17.26
   20.46
   32.45
   34.38
   30.53
   17.14
   16.00
   34.08
   25.16
   21.43
   24.48
   31.16
   23.03
   26.51
   20.87
   22.63
   26.32
   28.76
   13.51
   22.88
   20.17
   19.82
   29.01
   20.29
   21.77
   23.15
   29.37
   16.07
   25.99
   20.72
   22.41
   24.37
   22.64
   16.74
   17.47
   23.53
   26.31
   39.92
   25.41
   16.78
   24.55
   23.90
   17.29
   26.83
   19.52
   17.11
   19.83
   17.50
   24.46
   23.46
   15.93
   14.61
   20.07
   18.38
   22.87
   22.91
   19.21
   20.01
   35.46
   27.43
   26.45
   24.43
   26.37
   34.60
   29.30
   23.65
   22.88
   16.09
   20.07
   16.32
   14.08
   31.68
   25.23
   25.46
   22.23
   25.04
   21.37
   25.57
   25.92
   27.07
   23.41
   37.33
   25.62
   15.83
   27.21
   29.89
   17.81
   24.43
   29.57
   19.08
   26.38
   24.79
   23.39
   18.00
   19.79
   21.90
   22.49
   17.27
   23.60
   29.94
   30.13
   18.38
   22.93
   33.84
   30.43
   19.98
   34.94
   29.48
   24.72
   20.77
   45.30
   26.75
   21.41
   37.09
   35.58
   24.51
   27.63
   15.12
   28.28
   21.40
   20.31
   10.10
   27.76
   29.28
   39.42
   29.60
   29.41
   23.23
   33.74
   21.85
   28.60
   28.11
   17.97
   33.86
   23.51
   25.08
   18.06
   38.99
   18.35
   16.33
   21.69
   30.13
   18.84
   20.00
   28.12
   23.24
   13.47
   31.38
   23.31
   22.11
   22.68
   28.69
   19.79
   30.62
   22.46
   12.86
   26.74
   20.08
   21.64
   20.79
   27.84
   31.23
   28.84
   20.08
   23.91
   19.98
   16.08
   27.88
   15.14
   22.76
   17.75
   29.98
   17.63
   36.17
   22.92
   35.65
   21.34
   30.73
   30.86
   43.21
   20.78
   17.64
   38.48
   29.06
   31.87
   25.72
   28.50
   23.77
   14.82
   20.61
   29.02
   23.91
   19.38
   26.41
   14.42
   17.51
   27.34
   14.71
   12.19
   25.64
   38.68
   18.41
   23.05
   16.58
   16.40
   26.81
   30.46
   19.26
   14.45
   14.75
   35.36
   18.39
   17.74
   23.08
   31.06
   24.36
   23.05
   16.33
   27.71
   39.40
   25.43
   28.91
   19.53
   14.07
   23.04
   23.49
   29.19
   28.51
   23.97
   38.10
   23.53
   21.12
   34.19
   30.36
   18.02
   32.93
   30.10
   30.20
   27.98
   16.45
   20.48
   29.46
   32.19
   21.96
   29.08
   35.52
   13.90
   23.19
   14.88
   12.25
   29.72
   27.77
   17.13
   29.63
   28.55
   23.10
   16.51
   19.80
   20.60
   31.88
   28.57
   27.26
   19.07
   24.23
   15.79
   15.12
   16.95
   17.51
   37.73
   22.01
   29.15
   24.67
   10.56
   22.53
   32.28
   19.04
   36.97
   13.27
   37.85
   18.52
   23.85
   23.59
   25.42
   23.53
   15.86
   25.48
   21.36
   36.54
   31.72
   30.10
   17.50
   15.58
   27.33
   34.69
   36.62
   24.99
   23.21
   31.92
   17.42
   29.25
   28.60
   24.79
   23.35
   28.83
   24.50
   32.48
   42.71
   19.66
   16.11
   21.46
   25.51
   40.42
   29.27
   27.18
   24.35
   44.01
   29.46
   31.29
   15.75
   27.62
   35.46
   31.40
   17.89
   28.22
   29.55
   27.54
   24.79
   27.32
   23.91
   34.68
   30.98
   24.74
   21.23
   28.94
   10.87
   25.05
   34.07
   27.93
   42.31
   31.99
   26.85
   31.50
   18.83
   33.55
   27.64
   24.48
   24.51
   19.93
   22.92
   27.21
   20.56
   22.76
   43.98
   20.79
   26.10
   21.82
   37.00
   19.22
   24.99
   27.12
   35.66
   17.74
   31.20
   23.71
   19.80
   14.61
   38.95
   21.34
   21.00
   36.41
   20.32
   22.54
   22.10
   27.69
   32.96
   21.14
   37.85
   31.99
   15.45
   33.51
   21.54
   19.90
   27.99
   23.54
   17.34
   24.44
   18.00
   28.03
   28.64
   31.96
   20.81
   27.32
   30.84
   20.21
   38.27
   27.29
   28.71
   13.50
   23.64
   16.73
   22.56
   37.46
   23.19
   29.83
   36.07
   21.43
   19.19
   20.95
   26.04
   10.28
   25.55
   34.04
   28.64
   30.05
   20.83
   30.15
   29.51
   24.82
   13.93
   24.88
   29.71
   38.70
   25.84
   26.81
   27.16
   34.49
   38.18
   31.46
   34.56
   22.37
   21.67
   12.82
   41.64
   24.63
   24.86
   25.37
   17.48
   23.34
   35.34
   27.50
   31.61
   17.18
   25.87
   16.64
   21.57
   17.68
   34.50
   26.79
   26.46
   31.28
   22.58
   13.95
   16.27
   14.45
   33.48
   30.38
   15.88
   18.22
   19.56
   20.47
   31.34
   18.41
   16.96
   32.85
   22.77
   21.52
   23.57
   30.30
   24.59
   26.81
   31.03
   22.48
   15.42
   20.39
   15.07
   25.92
   23.90
   21.07
   16.57
   16.24
   26.32
   11.90
   24.84
   10.66
   27.65
   29.12
   35.11
   12.11
   19.59
   25.89
   17.56
   28.85
   17.48
    8.96
   21.22
   36.92
   29.76
   25.71
   16.86
   31.55
   27.23
   19.83
   26.11
   16.61
   26.60
   22.34
   20.42
   43.06
   25.01
   26.65
   19.95
   28.28
   12.36
   38.71
   31.78
   31.74
   31.68
   15.85
   19.08
   34.30
   14.75
   29.88
   23.28
   26.03
   23.29
   13.43
   19.60
   27.70
   32.98
   31.28
   22.94
   37.52
   30.21
   23.17
   30.60
   19.08
   24.41
   19.40
   15.26
   24.78
   26.53
   27.95
   25.44
   14.62
   25.20
   16.16
   16.20
   21.06
   16.87
   28.01
   25.63
   28.70
   38.69
   14.77
   24.99
   17.84
   23.77
   35.27
   19.88
   35.69
   17.82
   27.63
   17.18
   23.95
   19.38
   23.90
   34.63
   28.12
   31.54
   18.90
   36.65
   24.90
   24.37
   26.20
   18.67
   29.62
   24.94
   23.59
   18.54
   27.27
   18.22
   31.62
   16.84
   21.76
   31.35
   19.92
   19.12
   28.38
   29.31
   28.51
   17.74
   32.30
   32.35
   26.16
   19.59
   23.35
   28.46
   21.87
   34.81
   22.22
   34.63
   21.36
   39.40
   18.43
   32.79
   22.33
   31.14
   28.38
   31.64
   23.59
   30.75
   18.27
   17.27
   22.19
   28.72
   19.30
   23.00
   24.88
   25.15
   17.04
   25.99
   34.87
   21.51
   32.53
   15.38
   30.48
   25.74
   16.10
   26.00
   24.72
   16.88
   34.79
   37.36
   18.04
   16.35
   29.21
   26.50
   21.23
   24.23
   40.18
   16.02
   24.84
   15.80
   24.43
   25.47
   23.66
   32.18
   19.26
   30.37
   28.66
   18.73
   20.38
   22.51
   15.11
   28.84
   31.73
   15.48
   28.57
   24.25
   34.20
   27.95
   24.76
   36.79
   32.29
   27.42
   33.44
   32.79
   37.90
   28.21
   16.81
   33.92
   25.24
   24.12
   32.44
   14.91
   33.44
   20.58
   28.34
   23.51
   12.58
   25.59
   30.06
   16.28
   27.48
   39.58
   29.19
   27.53
   34.62
   18.06
   29.98
   28.15
   22.99
   17.99
   33.74
   22.66
   36.46
   24.29
   30.66
   19.66
   15.71
   29.68
   38.52
   17.97
   29.57
   22.17
   30.68
   17.48
   25.45
   36.76
   31.98
   15.16
   32.36
   31.44
   21.63
   19.29
   20.14
   44.62
   31.10
   27.87
   26.40
   18.00
   22.96
   31.44
   36.61
   28.39
   32.84
   31.63
   18.89
   25.77
   25.59
   23.91
   21.63
   33.85
   19.68
   21.11
   31.16
   19.58
   19.78
   30.81
   20.68
   24.39
   29.48
   20.95
   21.74
   30.19
   22.72
   25.61
   23.41
   20.26
   23.59
   16.82
   29.32
   35.46
   20.54
   20.05
   22.52
   19.45
   22.07
   26.90
   18.23
   22.68
   35.88
   18.01
   16.18
   29.29
   37.02
   26.14
   17.78
   20.22
   27.49
   17.97
   10.36
   29.29
   10.19
   21.39
   27.86
   19.12
   22.00
   13.40
   32.90
   29.65
   25.51
   31.17
   18.64
   26.08
   20.99
   17.49
   21.84
   20.81
   20.48
   30.93
   22.32
   28.87
   16.47
   32.12
   19.32
   24.47
   22.65
   26.20
   27.98
   27.17
   22.06
   11.54
   23.73
   18.15
   19.34
   31.71
   33.03
   17.73
   14.22
   26.74
   15.23
   23.64
   28.57
   32.75
   21.98
   24.55
   24.86
   37.33
   30.40
   25.44
   16.89
   23.62
   25.62
   35.01
   23.02
   30.51
   16.96
   27.47
   27.80
   20.17
   30.48
   18.34
   24.65
   18.89
   34.78
   22.95
   25.21
   13.60
   40.05
   22.08
   25.89
   23.15
   25.52
   20.16
   18.82
   27.47
   35.77
   20.62
   31.46
   40.87
   19.23
   16.88
   27.08
   24.69
   20.78
   24.88
   27.23
   37.41
   19.24
   42.19
   44.42
   34.66
   26.74
   15.74
   23.24
   17.54
   34.27
   19.81
   33.70
   28.57
   27.98
   21.72
   34.93
   19.14
   25.98
   17.23
   30.32
   19.66
   20.49
   15.24
   28.43
   18.25
   31.56
   31.07
   22.42
   32.93
   45.70
   15.92
   11.32
   20.93
   43.00
   28.42
   20.80
   37.06
   17.73
   28.28
   30.99
   29.46
   21.07
   37.18
   32.66
   21.74
   18.79
   25.20
   26.27
   25.75
   33.33
   26.98
   27.87
   35.75
   35.60
   22.99
   16.68
   23.11
   28.84
   24.03
   28.33
   28.30
   32.69
   34.79
   31.81
   19.28
   30.90
   17.78
   19.46
   27.64
   29.57
   31.81
   26.69
   20.27
   34.54
   19.54
   30.07
   37.49
   20.03
   12.32
   39.84
   26.13
   17.05
   21.00
   24.16
   25.74
   17.48
   16.51
   27.13
   24.67
   26.41
   17.17
   32.81
   23.84
   25.96
   37.48
   26.81
   18.09
   26.69
   36.54
   29.16
   15.33
   21.33
   30.71
   26.51
   23.75
   18.75
   28.57
   18.30
   20.59
   24.96
   21.41
   32.56
   24.70
   31.95
   23.75
   30.01
   22.42
   27.21
   23.33
   11.96
   27.80
   33.67
   16.39
   43.71
   23.54
   32.20
   20.73
   29.75
   22.90
   32.18
   20.81
   38.00
   16.31
   29.49
   28.84
   27.13
   29.83
   32.56
   10.89
   38.68
   29.64
   32.03
   25.14
   33.56
   27.68
   33.57
   20.59
   27.60
   27.53
   26.06
   18.02
   17.60
   29.72
   23.40
   37.14
   23.55
   19.51
   31.61
   27.05
   25.53
   24.31
   16.27
   29.69
   20.68
   22.05
   29.04
   22.74
   17.86
   22.59
   30.82
   19.71
   26.87
   28.70
   24.76
   23.83
   22.22
   14.25
   39.07
   25.48
   17.18
   28.82
   28.75
   28.31
   22.43
   22.79
   17.34
   13.17
   25.39
   39.42
   23.22
   23.78
   27.05
   28.00
   26.45
   19.49
   21.55
   19.79
   30.83
   20.25
   35.76
   27.98
   25.93
   18.49
   24.28
   26.39
   25.50
   32.98
   15.11
   27.32
   41.51
   22.03
   26.46
   30.57
   37.30
   20.30
   21.74
   35.16
   26.52
   35.82
   24.01
   15.27
   30.41
   25.44
   26.26
   21.01
   23.24
   23.49
   14.91
   42.56
   22.17
   35.16
   30.05
   32.22
   17.50
   18.31
   29.22
   27.62
   22.12
   21.35
   30.21
   35.39
   33.87
   20.16
   23.14
   39.93
   29.59
   23.60
   31.41
   44.69
   39.25
   19.09
   21.80
   29.16
   12.04
   30.21
   22.35
   13.85
   27.97
   28.86
   33.51
   31.32
   19.25
   19.03
   26.21
   32.40
   31.98
   22.57
   17.89
   19.15
   24.18
   27.99
   29.55
   29.08
   24.89
   27.41
   31.92
   22.32
   37.80
   22.85
   25.57
   25.29
   19.89
   21.39
   15.20
   27.95
   15.36
   34.53
   36.63
   16.76
   24.28
   22.14
   32.77
   42.99
   31.07
   17.08
   31.68
   33.69
   15.74
   33.92
   29.03
   30.96
   14.33
   23.46
   32.94
   27.73
   26.50
   36.04
   33.17
   23.35
   19.72
   23.81
   28.05
   29.74
   20.55
   26.53
   25.87
   39.28
   19.45
   22.21
   31.60
   28.08
   24.36
   29.69
   31.21
   27.05
   19.60
   24.83
   44.36
   26.97
   18.32
   20.01
   26.85
   17.31
   23.57
   31.77
   25.44
   30.29
   29.53
   26.93
   28.94
   22.45
   35.18
   15.98
   23.72
   21.96
   24.46
   31.39
   14.76
   27.14
   23.81
   17.39
   24.86
   21.66
   28.81
   18.81
   26.37
   18.01
   24.13
   28.39
   21.65
   10.27
   25.96
   20.52
   24.34
   15.15
   38.53
   26.77
   18.27
   28.34
   18.31
   20.54
   20.92
   32.24
   16.46
   34.75
   35.60
   38.77
   21.10
   26.16
   15.59
   23.09
   31.68
   24.44
   27.03
   30.15
   24.17
   23.52
   28.25
   29.90
   22.52
   39.47
   30.24
   19.87
   19.06
   16.02
   45.56
   28.90
   21.18
   31.26
   43.02
   29.50
   29.34
   31.52
   20.32
   12.83
   28.07
   18.68
   20.76
   32.10
   37.27
   26.47
   29.82
   26.24
   23.47
   16.90
   40.42
   34.21
   26.15
   34.20
   16.88
   42.40
   29.07
   16.09
   35.14
   17.71
   32.80
   17.60
   40.56
   24.59
   22.17
   20.17
   33.49
   34.55
   19.64
   14.32
   30.61
   28.96
   18.35
   28.62
   19.08
   23.39
   26.45
   16.08
   38.32
   24.71
   21.51
   38.25
   26.12
   26.08
   20.66
   21.57
   30.02
   20.47
   34.88
   19.04
   21.96
   32.74
   19.28
   28.36
   19.89
   18.41
   35.95
   21.63
   35.58
   32.13
   26.11
   23.51
   29.88
   20.73
   28.05
   18.66
   24.39
   27.86
   21.32
   18.91
   28.67
   33.67
   38.38
   25.36
   23.42
   16.53
   34.08
   27.25
   23.62
   25.28
   12.64
   24.59
   30.84
   14.68
   24.52
   18.91
   38.14
   31.11
   15.52
   17.38
   25.09
   46.40
   17.31
   15.99
   22.57
   28.05
   16.50
   25.47
   15.83
   28.82
   17.18
   28.32
   35.26
   25.74
   25.13
   15.17
   23.74
   25.24
   21.74
   20.69
   19.44
   25.78
   26.65
   16.68
   24.80
   19.61
   24.22
   31.67
   27.38
   21.87
   25.94
   27.98
   28.43
   10.87
   28.81
   29.04
   21.33
   16.91
   17.09
   25.20
   24.16
   20.33
   30.43
   17.43
   23.07
   23.33
   20.02
   11.94
   18.94
   31.93
   16.05
   21.26
   17.34
   23.57
   23.19
   23.58
   28.72
   24.52
   32.27
   30.26
   13.31
   29.63
   41.45
   16.17
   22.84
   24.89
   15.04
   33.46
   21.45
   34.66
   22.87
   22.80
   24.35
   17.00
   25.86
   24.49
   24.67
   33.54
   24.13
   33.25
   24.42
   32.59
   31.79
   28.44
   26.41
   31.29
   25.56
   21.48
   41.03
   40.27
   12.89
   28.95
   13.24
   10.21
   23.34
   26.80
   26.37
   28.63
   26.82
   26.41
   34.73
   14.04
   18.59
   18.72
   25.24
   24.20
   29.05
   35.75
   16.02
   24.71
   25.41
   21.05
   23.06
   28.16
   25.79
   27.18
   26.41
   33.20
   29.81
   22.78
   21.24
   27.11
   15.96
   30.37
   12.95
   25.87
   23.50
   36.92
   13.14
   20.12
   36.70
   23.21
   31.47
   22.69
   18.76
   31.14
   18.52
   29.27
   23.69
   31.26
   24.51
   23.75
   21.75
   28.06
   22.70
   17.87
   38.86
   22.35
   30.20
   24.08
   24.36
   37.02
   13.25
   17.71
   30.99
   21.57
   29.42
   32.07
   19.77
   18.92
   13.86
    9.77
   21.99
   28.54
   25.00
   19.31
   27.23
   25.05
   27.78
   17.52
   17.06
   31.28
   23.71
   22.03
   21.17
   34.06
   33.20
   39.65
   26.46
   16.41
   20.90
   23.49
   27.21
   27.79
   22.29
   26.53
   14.95
   25.84
   36.35
   14.58
   23.12
   35.64
   36.64
   17.30
   29.23
   21.01
   34.70
   30.72
   20.60
   22.89
   19.09
   27.00
   24.87
   25.23
   14.10
   25.15
   18.42
   26.27
   26.85
   23.24
   37.33
   26.23
   21.52
   21.92
   29.54
   24.52
   15.20
   21.56
   36.11
   26.67
   29.76
   24.60
   11.70
   21.98
   25.38
   18.82
   31.02
   34.57
   14.23
   33.78
   17.16
   27.79
   28.32
   25.60
   22.34
   26.69
   24.87
   23.46
   25.07
   32.81
   22.83
   22.73
   17.36
   23.07
   22.75
   30.29
   31.99
   20.97
   24.68
   35.34
   31.49
   26.29
   22.45
   24.27
   29.74
   22.05
   26.70
   25.50
   35.17
   16.87
   26.43
   23.33
   23.13
   25.77
   25.49
   22.35
   19.49
   31.87
   29.58
   31.83
   13.62
   24.74
   35.76
   28.39
   19.56
   21.92
   30.72
   34.05
   23.21
   20.69
   17.70
   18.00
   27.48
   37.75
   28.27
   13.45
   19.04
   18.19
   24.95
   26.61
   37.76
   27.77
   35.75
   19.73
   21.89
   19.75
   42.97
   35.12
   27.40
   27.09
   24.88
   29.29
   22.59
   22.62
   29.55
   30.93
   23.92
   27.08
   18.60
   29.24
   24.58
   23.83
   26.55
   28.76
   16.21
   22.13
   22.83
   30.46
   20.31
   38.40
   26.19
   28.48
   33.20
   27.06
   36.66
   28.72
   22.13
   27.09
   29.19
   23.94
   42.30
   41.01
   17.30
   17.17
   27.82
   33.02
   31.77
   28.03
   22.35
   24.51
   24.02
   22.31
   28.47
   28.65
   22.24
   23.75
   43.45
   29.09
    7.03
   22.23
   36.75
   27.59
   31.18
   37.86
   21.73
   23.96
   22.08
   32.63
   28.22
   28.57
   25.69
   24.96
   19.91
   25.45
   25.73
   15.74
   24.70
   22.36
   25.52
   29.68
   15.03
   31.48
   26.06
   15.37
   29.01
   22.43
   13.22
   24.15
   17.01
   31.69
   27.15
   32.24
   17.37
   17.62
   18.53
   18.60
   34.38
   29.08
   42.59
   10.32
   11.96
   15.49
   29.60
   25.59
   21.53
   24.08
   15.01
   30.73
   30.97
   33.53
   13.53
   28.29
   18.75
   27.32
   29.48
   17.02
   28.80
   24.74
   29.35
   25.81
   31.21
   23.45
   32.14
   25.49
   21.98
   32.27
   19.47
   21.94
   13.52
   35.33
   20.06
   38.19
   35.42
   10.79
   23.38
   23.61
   21.27
   25.55
   29.20
   16.36
   27.33
   20.98
   36.38
   24.84
   14.69
   15.58
   26.78
   24.01
   22.63
   19.02
   26.78
   19.18
   24.28
   28.51
   18.82
   19.25
   22.82
   30.26
   22.55
   20.20
   28.00
   33.69
   23.42
   42.36
   22.58
   39.32
   24.20
   13.66
   31.31
   28.50
   15.48
   23.62
   36.13
   21.16
   40.10
   26.82
   41.52
   27.66
   34.49
   14.66
   30.63
   27.61
   35.25
   23.71
   19.33
   19.72
   18.93
   40.06
   28.84
   22.61
   29.05
   30.30
   14.78
   34.07
   25.03
   21.95
   21.68
   22.45
   21.77
   30.09
   17.26
   17.39
   25.86
   29.47
   24.44
   27.68
   25.36
   29.12
   24.60
   23.35
   17.64
   23.77
   23.07
   26.33
   21.29
   27.23
   36.43
   22.62
   29.24
   27.18
   19.41
   24.93
   16.90
   42.56
   32.20
   24.75
   24.35
   25.89
   27.74
   26.17
   33.47
   38.20
   15.92
   14.72
   24.92
   15.98
   27.66
   24.02
   38.80
   29.12
   32.24
   35.71
   18.98
   22.98
   28.46
   19.14
   23.47
   18.04
   34.81
   26.47
   15.76
   49.06
   36.09
   26.37
   16.08
   21.73
   25.13
   20.03
   26.73
   15.06
   24.24
   17.11
   25.31
   36.40
   27.99
   28.62
   40.85
   24.34
   21.78
   15.97
   24.33
   26.51
   13.13
   21.07
   24.55
   24.97
   32.96
   21.03
   14.78
   24.69
   27.33
   16.05
   25.35
   33.34
   30.90
   25.67
   28.08
   19.56
   32.66
   14.16
   22.15
   28.10
   30.38
   20.67
   30.55
   29.46
   18.91
   33.66
   30.73
   31.26
   14.94
   16.48
   31.37
   37.18
   16.89
   12.17
   22.69
   27.30
   17.61
   25.81
   21.55
   27.92
   20.78
   21.28
   25.70
   16.69
   27.10
   10.25
   36.28
   13.60
   26.56
   35.40
   16.59
   37.45
   20.05
   31.54
   33.65
   33.05
   20.08
   13.50
   26.80
   32.92
   30.89
   28.55
   30.50
   13.70
   17.98
   29.93
   26.57
   24.56
   14.60
   23.33
   19.63
   23.55
   30.41
   24.40
   23.48
   16.57
   20.87
   26.10
   24.78
   23.37
   12.76
   32.29
   18.89
   32.93
   24.80
   24.25
   33.92
   20.84
   24.99
   25.15
   31.00
   28.11
   22.80
   25.04
   37.64
   33.17
   18.59
   12.07
   39.42
   40.99
   20.75
   29.91
   30.04
   19.68
   33.15
   26.23
   15.16
   36.28
   27.45
   28.19
   15.88
   13.01
   21.36
   22.31
   36.68
   26.03
   12.73
   18.97
   22.97
   34.23
   29.72
   25.97
   16.25
   23.95
   22.88
   26.57
   27.10
   16.22
   37.46
   22.34
   37.06
   31.72
   34.10
   27.12
   32.34
   20.34
   15.80
   32.84
   18.96
   24.26
   26.64
   27.36
   23.20
   18.48
   29.78
   26.14
   15.22
   32.85
   18.12
   25.90
   22.37
   40.31
   28.97
   21.60
   29.62
   19.44
   19.06
   25.13
   29.74
   21.49
   22.15
   43.74
   32.61
   29.47
   25.78
   19.03
   29.82
   29.72
   27.69
   22.30
   36.28
   23.49
   25.64
   20.53
   27.31
   26.32
   23.51
   30.23
   19.86
   27.36
   17.31
   33.88
   27.66
   23.56
   22.33
   30.75
   17.42
   17.04
   23.83
   32.64
   22.12
   23.56
   30.45
   18.84
   22.21
   26.53
   21.24
   26.20
   25.47
   26.03
   17.84
   25.31
   12.80
   34.12
   26.32
   26.25
   20.76
   38.48
   32.47
   23.53
   29.47
   25.21
   29.44
   26.77
   13.54
   19.03
   20.44
   26.32
   16.98
   27.21
   37.23
   11.10
   39.37
   18.01
   27.58
   17.59
   20.78
   13.80
   17.49
   25.84
   28.46
   27.54
   27.69
   27.80
   22.49
   19.91
   16.96
   27.33
   25.62
   18.58
   38.98
   22.67
   26.24
   18.45
   24.41
   17.81
   25.52
   25.00
   16.41
   35.55
   20.46
   21.46
   22.50
   35.68
   14.02
   31.83
   18.85
   26.84
   31.40
   35.11
   24.30
   26.44
   29.42
   29.94
   19.45
   33.16
   34.69
   14.90
   13.31
   22.07
   33.33
   23.35
   35.05
   19.23
   27.78
   12.48
   27.16
   21.29
   20.38
   25.38
   26.30
   23.95
   15.89
   31.41
   27.96
   33.95
   12.66
   12.97
   28.79
   26.29
   23.60
   28.73
   18.15
   21.60
   30.51
   20.08
   17.52
   28.11
   25.68
   35.23
   29.45
   20.51
   35.04
   35.62
   25.02
   20.46
   21.57
   23.29
   21.88
   33.38
   35.10
   26.80
   23.41
   16.72
   16.55
   37.14
   18.38
   30.48
   24.91
   29.30
   20.82
   26.05
   33.72
   40.86
   37.34
   30.89
   21.99
   22.69
   17.09
   17.53
   21.93
   28.32
   34.33
   34.32
   21.86
   21.75
   23.97
   19.06
   26.70
   20.83
   10.82
   18.48
   34.07
   34.08
   35.25
   25.00
   27.51
   24.94
   20.61
   36.60
   28.53
   18.13
   41.63
   26.93
   14.58
   30.52
   33.95
   25.96
   29.09
   26.41
   27.66
   13.09
   31.93
   27.44
   17.44
   30.04
   22.74
   30.12
   15.14
   18.17
   30.84
   25.96
   20.55
   18.32
   27.57
   22.78
   26.71
   22.01
   27.73
   35.06
   26.68
   21.44
   25.56
   29.20
   19.91
   24.28
   17.29
   17.95
   19.03
   21.81
   15.54
   22.51
   28.63
   15.84
   20.46
   22.91
   14.68
   24.85
   18.02
   18.69
   19.51
   14.12
   23.41
   36.20
   29.15
   34.02
   19.64
   43.71
   23.30
   25.15
   25.45
   28.91
   25.38
   16.99
   18.26
   13.51
   23.38
   22.63
   20.54
   19.29
   22.74
   20.71
   22.45
   36.97
   19.52
   10.44
   25.80
   18.28
   32.38
   22.37
   26.10
   19.04
   16.40
   33.88
   25.46
   31.92
   27.26
   28.48
   19.40
   35.65
   21.55
   21.24
   33.10
   20.96
   12.79
   31.55
   40.25
   18.48
   27.92
   27.83
   27.79
   24.33
   36.11
   21.23
   24.21
   14.61
   20.99
   21.57
   24.10
   29.82
   39.89
   30.59
   32.83
   21.45
   32.84
   24.59
   14.72
   20.86
   11.26
   38.81
   21.36
   26.39
   22.90
   13.21
   30.21
   20.49
   23.10
   31.92
   36.00
   14.57
   43.70
   27.26
   36.92
   35.97
   18.72
   16.27
   24.85
   23.75
   28.48
   22.86
   30.31
   21.20
   15.61
   20.32
   14.81
   28.95
   24.58
   26.18
   30.17
   32.01
   19.24
   41.53
   21.06
   39.71
   32.60
   36.75
   24.34
   21.91
   32.22
   15.22
   33.25
   21.60
   31.24
   24.52
   20.41
   29.26
   13.46
   23.11
   27.81
   20.70
   31.06
   27.10
   28.30
   25.02
   31.15
   20.57
   26.53
   19.45
   18.63
   27.55
   30.52
   21.28
   26.64
   18.14
   24.06
   32.00
   28.48
   37.97
   27.10
   22.02
   26.71
   29.64
   17.34
   25.43
   31.83
   27.13
   21.41
   25.33
   37.12
   29.60
   27.25
   20.99
   10.56
   20.14
   14.96
   25.20
   27.16
   14.81
   26.59
   26.15
   21.89
   21.67
   26.36
   34.39
   17.64
   11.41
   20.62
   12.94
   25.12
   31.96
   13.58
   20.13
   23.93
   35.76
   23.79
   21.67
   35.48
   21.36
   20.07
   28.74
   35.19
   26.88
   19.23
   20.95
   26.19
   25.58
   27.49
   17.95
   20.45
   34.12
   29.65
   25.53
   20.72
   25.65
   19.11
   19.27
   15.22
   26.91
   17.62
   24.66
   24.54
   22.54
   25.55
   15.17
   34.80
   24.02
   23.11
   12.60
   29.56
   20.10
   19.45
   31.20
   16.01
   26.90
   21.33
   16.64
   30.01
   15.85
   24.07
   33.49
   26.06
   23.16
   12.73
   26.47
   29.59
   44.65
   24.96
   17.43
   25.64
   18.02
   14.01
   32.21
   28.35
   24.92
   21.33
   24.91
   26.13
   31.90
   24.33
   23.69
   26.28
   34.44
    9.53
   28.75
   23.93
   20.31
   23.05
   22.60
   20.48
   31.43
   28.60
   26.98
   44.21
   28.13
   41.91
   22.48
   34.73
   36.38
   20.97
   25.42
   22.58
   30.03
   26.42
   22.30
   23.58
   15.97
   36.16
   34.55
   22.39
   30.39
   29.35
   26.47
   35.15
   23.14
   14.68
   21.65
   18.60
   24.26
   23.98
   16.76
   17.29
   23.96
   22.50
   24.37
   20.33
   38.19
   29.67
   30.55
   17.06
   22.07
   32.82
   18.84
   28.08
   27.74
   26.77
   34.01
   40.58
   41.29
   34.63
   26.59
   31.25
   23.50
   27.53
   16.72
   26.39
   30.24
   31.11
   30.14
   21.92
   22.01
   20.51
   37.32
   38.43
   36.33
   20.58
   41.16
   26.81
   18.88
   10.68
   17.83
   36.38
   31.68
   29.34
   24.04
   16.87
   25.25
   20.89
   31.00
   27.33
   31.37
   32.15
   24.89
   48.01
   25.16
   22.49
   24.26
   25.66
   25.98
   23.03
   25.21
   34.04
   30.21
   31.76
   25.95
   18.68
   21.44
   26.57
   25.20
   28.94
   33.79
   17.37
   21.25
   13.42
   22.80
   31.18
   27.12
   19.47
   18.50
   34.26
   24.03
   26.74
   18.01
   31.75
   28.69
   19.54
   33.34
   28.76
   21.16
   31.00
   20.91
   21.03
   20.90
   26.66
   28.36
   14.30
   22.03
   21.55
   24.89
   17.39
   23.69
   24.22
   29.18
   22.45
   33.38
   20.92
   25.11
   27.32
   24.01
   33.40
   34.07
   31.61
   19.68
   27.96
   29.84
   21.66
   25.63
   31.67
   23.90
   21.66
   18.15
   25.87
   16.87
   35.84
   49.36
   25.03
   14.89
   23.87
   16.22
   21.86
   23.71
   25.73
   31.39
   29.70
   24.08
   29.01
   29.39
   36.91
   14.63
   28.10
   25.86
   34.43
   23.69
   41.98
   21.35
   21.33
   20.93
   33.98
   30.20
   38.97
   22.79
   27.65
   34.26
   15.19
   31.23
   16.46
   31.18
   24.12
   16.34
   29.87
   25.63
    6.30
   27.34
   17.92
   12.11
   24.39
   17.23
   25.43
   19.19
   29.72
   27.38
   30.19
   36.36
   37.66
   34.64
   23.13
   19.20
   24.87
   32.98
   31.15
   18.05
   30.38
   30.56
   24.15
   26.90
   27.71
   25.88
   24.92
   23.71
   34.90
   23.25
   31.08
   17.98
   30.00
   33.20
   24.15
   23.44
   36.59
   29.09
   25.35
   23.09
   33.64
   18.54
   26.24
   24.22
   24.63
   36.48
   18.79
   19.59
   30.31
   22.67
   25.79
   24.08
   21.58
   22.43
   24.50
   34.13
   23.42
   19.43
   17.13
   20.90
   22.79
   43.11
   23.11
   25.93
   25.60
   34.42
   21.38
   34.54
   18.06
   25.95
   21.54
   15.25
   26.45
   33.01
   17.60
   21.66
   25.66
   13.09
   16.01
   39.37
   26.83
   21.40
   32.51
   29.80
   21.16
   20.14
   21.24
   27.08
   33.75
   16.24
   20.63
   28.04
   38.04
   15.79
   25.66
   20.13
   18.96
   29.47
   18.84
   26.01
   31.10
   31.01
   22.66
   20.75
   21.18
   26.18
   26.61
   25.48
   34.30
   37.52
   37.59
   23.37
   17.75
   22.54
   29.64
   36.17
   22.13
   26.75
   30.17
   32.11
   18.10
   17.46
   38.97
   11.76
   15.20
   25.37
   35.73
   30.99
   26.23
   10.36
   26.61
   25.33
   22.80
   19.33
   26.06
   39.94
   10.39
   19.97
   28.15
   28.24
   16.00
   33.09
   27.03
   28.12
   11.01
   34.90
   30.50
   27.66
   37.59
   19.88
   18.79
   28.90
   24.36
   29.49
   17.34
   17.45
   13.97
   35.67
   17.98
   16.34
   26.21
   24.95
   14.30
   26.87
   27.44
   30.19
   25.15
   30.34
   21.10
   30.77
   30.59
   16.10
   13.48
   26.26
   22.97
   32.21
   28.43
   22.26
   29.96
   40.67
   40.93
   33.75
   23.99
   22.40
   29.87
   23.59
   28.20
   34.31
   13.21
   31.02
   32.95
   35.54
   19.06
   27.68
   32.53
   27.45
   22.52
   19.35
   20.64
   26.51
   24.11
   20.36
   29.06
   22.19
   18.17
   25.31
   26.17
   30.14
   29.91
   24.42
   34.63
   29.40
   23.50
   18.60
   24.85
   21.23
   39.29
   33.09
   31.17
   37.81
   19.14
   34.27
   16.51
   26.19
   19.62
   21.40
   18.88
   35.03
   19.86
   15.88
   24.60
   40.33
   19.92
   20.74
   18.64
   23.29
   15.29
   27.44
   17.98
   24.98
   23.82
   17.94
   29.75
   24.13
   13.46
   18.86
   28.97
   22.09
   30.30
   36.51
   30.16
   18.29
   32.69
   25.53
   18.87
   26.11
   28.69
   15.26
   38.25
   28.85
   31.30
   25.94
   14.75
   16.60
   31.56
   16.55
   19.50
   27.84
   31.11
   16.27
   29.65
   21.32
   20.41
   22.37
   24.44
   28.52
   21.95
   36.72
   26.96
   16.59
   15.60
   26.04
   22.27
   23.26
   15.14
   27.23
   25.05
   24.04
   26.53
   15.87
   29.01
   36.18
   22.42
   28.83
   25.86
   32.38
   17.83
   35.42
   13.26
   42.96
   14.21
   26.21
   18.18
   18.23
   18.74
   20.89
   27.04
   14.72
   30.78
   18.05
   27.94
   16.45
   23.66
   21.00
   25.54
   21.03
   25.04
   17.74
   29.43
   36.57
   17.50
   25.07
   26.66
   33.91
   18.37
   34.76
   28.35
   24.29
   17.13
   25.21
   25.34
   26.95
   25.03
   10.24
   33.16
   11.81
   33.12
   41.22
   17.77
   25.70
   18.34
   12.90
   26.97
   13.96
   47.11
   34.70
   26.56
   23.10
   16.78
   19.69
   11.96
   25.61
   20.87
   20.04
   27.96
   26.59
   15.31
   17.15
   33.26
   14.25
   26.95
   20.89
   18.45
   26.95
   20.23
   45.33
   21.83
   27.63
   15.87
   28.45
   34.01
   35.21
   24.93
   27.68
   14.74
   15.29
   24.36
   32.51
   25.85
   24.35
   30.06
   47.99
   15.06
   33.27
   24.78
   18.14
   34.44
   30.58
   21.30
   22.71
   24.68
   30.66
   24.48
   24.20
   16.82
   39.93
   36.20
   31.93
   20.73
   31.87
   26.37
   27.01
   37.68
   30.90
   38.75
   32.08
   38.38
   24.90
   29.34
   17.71
   30.58
   18.46
   25.51
   20.59
   17.47
   32.79
   23.56
   27.98
   20.86
   31.54
   30.47
   38.19
   16.72
   20.50
   33.40
   38.09
   20.58
   30.31
   30.68
   17.74
   33.62
   26.21
   26.62
   34.52
   27.90
   22.76
   20.14
   36.04
   30.75
   23.58
   34.44
   22.02
   26.25
   22.59
   18.95
   27.83
   18.05
   32.01
   24.77
   27.29
   18.33
   29.78
   16.81
   12.16
   27.96
   31.42
   26.41
   25.41
   29.85
   22.22
   25.20
   14.28
   20.06
   14.51
   21.23
   18.73
   22.96
   29.80
   34.76
   31.63
   27.31
   15.85
   22.73
   30.17
   27.89
   25.78
   18.87
   21.37
   16.59
   29.91
   30.18
   26.07
   20.50
   26.36
   23.83
   18.04
   26.09
   34.53
   25.34
   15.43
   28.45
   26.21
   19.29
   25.99
   33.21
   32.91
   13.28
   25.98
   35.29
   26.82
   18.40
   32.92
   24.59
   38.99
   24.14
   17.22
   31.84
   41.26
   18.66
   12.98
   38.85
   28.31
   30.72
   25.70
   16.15
   17.91
   26.95
   21.76
   49.83
   16.80
   28.97
   20.20
   21.09
   30.59
   15.43
   24.40
   20.83
   20.01
   17.69
   31.21
   38.47
   30.17
   21.33
   17.89
   17.76
   33.92
   30.62
   31.04
   14.87
   25.21
   22.36
   27.40
   31.03
   19.60
   23.62
   24.33
   22.94
   27.06
   24.18
   27.34
   26.82
   25.94
   34.09
   27.81
   30.04
   19.05
   30.66
   34.61
   24.08
   19.02
   23.59
   22.09
   38.28
   17.26
   33.10
   24.25
   36.17
   24.27
   20.80
   25.99
   33.78
   35.46
   23.02
   30.84
   23.21
   26.50
   27.05
   18.61
   28.32
   29.37
   25.91
   25.82
   35.42
   34.48
   31.78
   32.26
   11.38
   31.15
   24.15
   23.87
   34.68
   20.30
   14.15
   30.68
   19.49
   26.37
   32.40
   25.97
   27.69
   35.07
   36.12
   16.89
   36.79
   33.25
   18.20
   32.20
   32.76
   23.94
   24.17
   18.69
   23.85
   25.63
   34.78
   17.83
   14.73
   34.91
   19.38
   21.67
   35.25
   28.82
   26.18
   30.49
   16.32
   24.94
   21.02
   22.96
   24.22
   19.37
   19.77
   31.53
   24.77
   29.56
   21.47
   23.65
   28.72
   27.70
   22.95
   32.13
   23.22
   29.50
   31.60
   30.02
   30.40
   22.29
   14.07
   21.66
   17.34
   15.39
   29.66
   25.74
   20.36
   33.50
   29.97
   13.69
   25.68
   27.87
   14.62
   16.88
   29.93
   28.99
   16.82
   32.23
   26.20
   25.71
   20.70
   32.82
   17.79
   24.32
   18.77
   13.58
   28.33
   11.19
   25.61
   26.58
   26.44
   36.73
   22.86
   27.02
   24.86
   20.00
   28.25
   29.06
   35.14
   23.53
   24.33
   13.81
   51.00
   24.98
   27.69
   39.36
   41.04
   19.60
   17.82
   15.98
   27.69
   14.71
   24.54
   33.26
   13.62
   33.97
   23.76
   16.19
   13.38
   31.53
   16.27
   19.59
   23.84
   34.13
   12.88
   31.22
   33.93
   14.13
   31.03
   30.94
   30.81
   28.16
   30.03
   45.14
   31.00
   17.57
   13.14
   12.30
   25.54
   35.47
   20.74
   23.14
   25.45
   36.83
   29.98
   19.76
   18.46
   27.63
   34.26
   24.40
   44.99
   21.11
   31.06
   28.41
   29.31
   23.42
   17.03
   24.15
   43.06
   27.43
   33.32
   29.09
   27.58
   27.53
   25.84
   18.11
   19.11
   34.94
   20.56
   38.38
   26.56
   26.58
   30.41
   15.67
   29.23
   24.16
   26.51
   27.31
   35.70
   14.95
   25.04
   33.61
   18.48
   26.56
   35.77
   21.98
   16.40
   32.60
   31.48
   35.48
   23.67
   21.98
   31.98
    9.05
   19.58
   26.66
   31.09
   33.92
   31.42
   15.05
   22.53
   28.61
   18.12
   36.98
   24.94
   32.51
   31.48
   24.16
   28.72
   25.09
   23.34
   19.00
   26.02
   22.54
   19.38
   23.28
   18.37
   37.20
   20.07
   29.91
   25.74
   27.74
   12.23
   28.73
   25.78
   21.18
   27.74
   22.04
   22.67
   16.40
   30.65
   23.10
   17.48
   19.85
   27.17
   14.60
   19.25
   19.91
   24.28
   15.80
   35.16
   12.61
   20.24
   23.58
   27.27
   24.10
   20.09
   26.22
   22.10
   33.63
   23.82
   18.32
   26.32
   15.37
   22.43
   33.80
   17.89
   26.05
   14.96
   26.77
   27.80
   17.68
   25.28
   21.41
   25.64
   37.79
   21.19
   31.32
   18.88
   21.47
   31.36
   35.27
   15.10
   21.47
   25.18
   42.37
   20.60
   24.38
   34.40
   20.13
   19.54
   31.74
   23.75
   10.64
   34.70
   26.92
   25.67
   36.95
   15.78
   28.37
   31.48
   13.96
   20.12
   27.94
   25.99
   31.23
   23.25
   22.27
   21.01
   15.43
   26.92
   32.03
   35.41
   32.92
   26.28
   25.69
   19.84
   28.77
   39.26
   16.81
   22.98
   21.56
   11.16
   30.86
   35.51
   31.55
   33.13
   16.73
   20.30
   25.23
   22.26
   21.60
   30.53
   26.16
   40.51
   18.73
   31.31
   20.82
   28.14
   19.65
   19.39
   25.59
   22.52
   28.64
   15.94
   19.87
   23.84
   39.70
   26.42
   20.39
   32.50
   20.07
   37.65
   28.58
   20.88
   25.62
   23.30
   19.58
   36.65
   21.52
   16.13
   27.79
   17.34
   26.64
   29.36
   19.10
   31.55
   39.59
   14.50
   29.93
   26.82
   30.69
   27.15
   27.94
   30.26
   28.66
   18.09
   26.12
   23.47
   24.83
   17.26
   27.38
   37.68
   36.43
   40.91
   36.54
   17.38
   24.59
   34.57
   28.72
   40.78
   27.36
   44.46
   20.06
   33.75
   22.63
   25.21
   29.16
   22.85
   26.34
   31.37
   23.01
   30.56
   19.63
   29.98
   23.27
   13.21
   24.83
   17.99
   36.51
   25.63
   17.70
   24.21
   32.81
   41.06
   25.51
   17.90
   22.68
   26.75
   27.28
   18.24
   15.01
   28.69
   22.74
   21.61
   23.84
   30.19
   31.43
   25.05
   26.29
   18.15
   19.80
   21.47
   33.64
   30.12
   23.18
   23.29
   35.06
   32.60
   26.93
   28.88
   27.47
   17.89
   40.36
   15.17
   23.65
   25.74
   24.18
   27.05
   17.57
   37.85
   23.29
   27.39
   26.50
   16.59
   33.88
   33.23
   21.27
   28.38
   24.25
   23.57
   29.21
   23.10
   21.08
   26.26
   12.22
   27.50
   24.05
   16.10
   30.13
   20.97
   26.09
   15.18
   18.67
   23.07
   28.80
   27.44
   29.95
   21.74
   21.75
   27.44
   16.73
   33.60
   22.75
   33.16
   17.26
   19.88
   20.06
   22.56
   20.52
   28.21
   22.43
   19.76
   14.73
   24.53
   26.16
   18.52
   36.53
   24.06
   19.94
   35.71
   24.66
   27.66
   27.12
   29.15
   33.12
   22.36
   25.51
   20.54
   16.20
   38.56
   20.56
   18.85
   15.87
   24.44
   32.11
   38.78
   20.22
   21.37
   37.56
