   32.11
   24.06
   38.53
   41.44
   24.48
   33.67
   37.67
   32.37
   36.57
   32.87
   45.93
   46.26
   26.32
   39.06
   27.18
   26.09
   46.77
   29.56
   32.88
   17.94
   27.95
   33.90
   42.24
   12.18
   34.30
   35.70
   34.06
   18.97
   26.37
   42.85
   36.35
   37.10
   41.27
   30.41
   32.06
   19.46
   40.90
   29.92
   19.14
   42.03
   37.79
   36.31
   16.66
   25.18
   31.78
   39.81
   14.74
   29.75
   30.25
   21.65
   46.95
   23.80
   31.30
   33.82
   17.03
   30.33
   15.94
   44.49
   28.19
   32.19
   42.26
   23.52
   27.57
   33.71
   46.02
   24.14
   27.10
   33.56
   34.82
   31.81
   30.88
   35.29
   17.69
   29.47
   28.59
   21.16
   18.69
   23.57
   23.76
   36.40
   22.87
   29.43
   44.79
   34.52
   12.93
   29.83
   33.07
   25.15
   32.21
   31.85
   15.93
   42.41
   45.03
   28.51
   28.42
   32.13
   24.91
   18.83
   28.64
   27.89
   24.73
   25.32
   32.36
   29.07
   23.81
   22.10
   27.34
   14.51
   21.22
   23.96
   39.44
   17.46
   32.18
   30.28
   26.88
   18.94
   33.00
   34.80
   12.46
   19.00
   29.91
   25.54
   26.22
   37.14
   29.75
   31.31
   36.92
   24.97
   30.59
   42.96
   25.33
   38.69
   31.62
   40.99
   37.52
   21.60
   25.60
   30.13
   36.95
   32.63
   35.36
   32.66
   19.72
   28.65
   28.36
   33.25
   30.91
   26.74
   19.67
   25.69
   32.33
   36.49
   29.30
   20.68
   18.11
   28.93
   17.71
   34.21
   30.15
   31.01
   29.25
   31.76
   36.15
   17.66
   37.59
   17.43
   17.99
   15.96
   21.96
   31.99
   23.22
   32.03
   30.14
   23.18
   30.75
   34.84
   31.57
   33.54
   22.91
   29.06
   34.81
   22.02
   18.07
   23.89
   22.62
   32.24
   21.40
   27.13
   24.16
   28.61
   28.42
   31.65
   33.87
   22.08
   19.22
   28.04
   36.00
   22.36
   27.81
   37.64
   28.67
   28.13
   24.26
   30.74
   20.37
   41.85
   30.46
   29.39
   33.78
   22.28
   27.10
   28.15
   37.37
   17.31
   46.29
   26.94
   35.00
   34.20
   31.94
   23.26
   26.24
   34.95
   44.60
   42.74
   20.77
   17.12
   30.72
   26.09
   49.60
   43.63
   21.36
   26.30
   28.43
   34.69
   22.64
   21.52
   46.25
   55.35
   26.99
   32.67
   19.47
   43.27
   33.79
   46.19
   29.40
   19.03
   36.08
   23.15
   42.21
   35.17
   38.45
   46.54
   29.52
   20.28
   29.48
   20.57
   29.01
   45.61
   17.63
   29.49
   36.71
   21.49
   26.32
   27.95
   45.26
   34.57
   26.04
   19.77
   20.19
   39.64
   37.70
   23.74
   21.90
   21.64
   18.16
   41.02
   30.73
   23.56
   30.46
   20.07
   39.58
   24.35
   45.73
   35.83
   27.28
   26.07
   19.86
   32.36
   38.31
   32.93
   35.85
   34.35
   19.14
   17.14
   29.53
   35.40
   26.71
   14.35
   23.32
   39.65
   18.36
   19.63
   24.83
   23.36
   46.89
   29.23
   32.47
   45.09
   16.95
   39.42
   31.18
   17.72
   45.70
   35.05
   32.12
   14.97
   19.07
   26.96
   36.75
   29.58
   31.24
   32.59
   37.40
    9.73
   40.56
   28.05
   24.42
   26.06
   40.23
   29.68
   26.19
   28.76
   25.38
   29.94
   32.59
   38.55
   44.33
   30.97
   33.70
   33.79
   32.56
   16.96
   21.01
   43.62
   27.56
   31.95
   18.61
   23.01
   24.86
   29.74
   20.64
   35.64
   34.55
   28.28
   26.17
   35.36
   27.67
   23.57
   50.90
   25.01
   33.47
   35.85
   23.97
   23.23
   23.04
   28.08
   30.87
   36.37
   28.96
   27.77
   34.19
   36.25
   22.40
   29.73
   24.07
   21.37
   50.93
   23.33
   31.17
   31.25
   22.24
   13.88
   23.83
   19.59
   22.41
   28.11
   21.12
   21.04
   38.02
   25.42
   29.64
   25.66
   27.92
   40.87
   18.11
   30.11
   32.58
   28.89
   24.79
   30.93
   31.23
   26.63
   21.34
   25.14
   40.67
   19.21
   16.02
   27.88
   44.51
   21.00
   18.41
   17.96
   31.17
   29.14
   18.45
   29.08
   23.50
   25.43
   22.82
   25.30
   21.85
   37.39
   24.97
   20.28
   27.70
   27.93
   44.30
   30.82
   40.19
   26.95
   23.64
   37.49
   31.48
   34.56
   18.07
   20.03
   32.91
   18.76
   20.70
   38.65
   32.06
   43.23
   46.81
   23.22
   48.34
   27.69
   22.47
   24.69
   13.51
   27.99
   14.46
   27.58
   31.69
   40.26
   29.37
   25.66
   38.10
   25.66
   16.72
   25.11
   32.45
   27.51
   34.60
   17.76
   52.25
   28.77
   29.71
   19.29
   44.77
   24.93
   54.70
   44.80
   27.57
   47.04
   36.34
   23.67
   30.19
   34.90
   31.32
   25.06
   16.68
   23.96
   20.15
   36.21
   41.38
   46.62
   32.30
   28.46
   25.49
   38.24
   13.44
   40.42
   27.43
   31.16
   10.68
   27.88
   32.77
   21.81
   27.33
   21.75
   24.77
   18.19
   26.17
   40.82
   28.29
   29.86
   27.92
   31.60
   18.33
   31.06
   17.48
   31.45
   21.44
   28.27
   23.87
   26.46
   25.90
   23.20
   26.23
   21.34
   31.79
   43.02
   32.61
   35.12
   28.01
   35.73
   36.67
   23.19
   14.39
   24.66
   31.71
   16.02
   22.57
   30.55
   37.10
   38.94
   38.75
   22.81
   34.25
   31.85
   28.40
   33.50
   23.56
   30.42
   30.87
   42.17
   25.89
   28.79
   40.36
   30.07
   46.53
   22.38
   33.91
   33.46
   18.70
   34.80
   11.32
   16.75
   20.30
   22.20
   32.87
   27.20
   24.58
   34.93
   41.30
   33.25
   14.78
   28.77
   28.10
   19.43
   40.58
   20.37
   28.92
   40.57
   31.50
   17.33
   17.70
   21.72
   31.14
   30.66
   24.12
   15.31
   38.52
   31.19
   31.53
   33.64
   32.19
   16.92
   30.02
   26.20
   27.90
   32.08
   22.31
   20.76
   11.56
   25.84
   33.07
   30.46
   21.81
   31.36
   24.88
   19.59
   28.25
   36.23
   28.10
   22.99
   22.22
   16.30
   35.01
   27.77
   25.95
   39.26
   26.64
   25.90
   18.72
   45.61
   23.28
   41.74
   30.25
   39.73
   23.68
   25.18
   33.05
   37.95
   31.97
   40.17
   31.94
   20.69
   29.32
   26.74
   38.59
   30.44
   27.91
   27.16
   23.79
   27.04
   17.51
   23.88
   25.52
   25.92
   22.52
   28.54
   23.52
   29.76
   28.52
   23.55
   31.13
   24.83
   17.65
   29.69
   40.10
   28.80
   36.15
   25.60
   20.99
   22.23
   23.26
   27.61
   29.30
   24.42
   31.26
   20.71
   33.95
   20.31
   17.50
   49.47
   32.02
   28.58
   37.27
   21.69
   22.13
   26.59
   31.52
   17.56
   16.64
   36.69
   25.14
   37.06
   44.95
   19.80
   34.60
   59.27
   23.04
   30.80
   32.90
   25.25
   21.71
   42.78
   24.09
   34.54
   38.77
   22.65
   28.32
   39.67
   48.00
   44.23
   26.88
   36.36
   35.24
   34.42
   32.80
   49.83
   17.47
   29.28
   16.96
   45.65
   25.56
   21.81
   19.60
   24.01
   47.66
   28.66
   23.70
   22.95
   40.01
   40.28
   21.15
   36.41
   26.01
   28.72
   39.03
   49.35
   31.52
   24.54
   34.16
   26.68
   35.78
   24.92
   29.01
   21.30
   21.93
   36.38
   21.66
   24.63
   19.25
   28.53
   49.60
   23.32
   41.41
   34.93
   18.21
   33.78
   23.65
   27.01
   23.81
   33.16
   34.93
   45.55
   20.87
   15.12
   29.12
   22.01
   31.60
   41.27
   27.85
   22.50
   32.61
   28.46
   28.18
   42.19
   30.96
   31.36
   30.98
   29.17
   39.25
   33.37
   17.47
   23.20
   32.89
   26.02
   31.45
   17.24
   35.44
   26.90
   35.83
   22.95
   37.16
   30.99
   49.02
   34.45
   41.21
   29.01
   13.66
   21.67
   14.77
   33.91
   32.11
   37.57
   23.56
   26.90
   50.57
   20.02
   49.18
   41.16
   21.63
   47.99
   27.62
   26.55
   35.51
   20.72
   30.58
   22.67
   23.29
   29.57
   32.33
   33.59
   30.72
   29.36
   36.17
   37.03
   19.29
   30.82
   30.56
   28.46
   28.87
   28.56
   27.38
   33.07
   29.86
   20.46
   25.90
   23.70
   34.60
   25.14
   34.36
   26.27
   24.67
   24.17
   25.81
   26.03
   24.70
   30.84
   16.33
   30.51
   30.48
   29.06
   24.72
   15.18
   30.17
   29.44
   15.93
   25.48
   26.25
   32.86
   27.77
   22.92
   30.42
   37.93
   17.85
   18.21
   27.84
   32.84
   17.12
   26.72
   27.43
   22.51
   33.80
   27.57
   26.15
   27.78
   27.16
   40.16
   22.22
   33.15
   40.26
   39.79
   49.49
   27.33
   38.51
   21.37
   25.38
   29.52
   27.76
   37.40
   38.99
   20.39
   20.34
   33.99
   24.05
   42.16
   34.17
   44.71
   39.95
   21.50
   20.94
   34.34
   24.96
   23.55
   28.22
   50.65
   32.61
   30.92
   40.10
   37.47
   41.45
   20.06
   14.96
   26.25
   16.95
   17.00
   42.27
   21.27
   32.85
   23.75
   21.42
   23.69
   41.30
   23.76
   35.31
   35.90
   26.40
   22.71
   30.64
   48.99
   19.40
   44.39
   17.69
   34.36
   26.99
   33.55
   24.76
   43.99
   23.70
   44.39
   54.48
   40.12
   27.44
   14.98
   30.60
   33.72
   42.19
   24.58
   29.52
   43.94
   52.86
   38.05
   18.51
   27.67
   26.41
   27.19
   35.00
   22.16
   31.03
   28.61
   24.56
   27.65
   18.02
   39.91
   30.01
   18.90
   11.92
   39.07
   38.09
   36.78
   16.53
   26.48
   22.49
   19.86
   17.11
   43.52
   27.95
   23.70
   20.64
   36.06
   39.24
   20.38
   16.32
   44.87
   18.44
   24.12
   35.38
   13.80
   37.93
   36.47
   33.68
   28.06
   24.34
   30.08
   37.93
   38.87
   18.46
   17.60
   14.38
   30.39
   22.87
   31.35
   42.63
   27.54
   26.43
   25.44
   23.24
   25.16
   27.02
   27.41
   20.28
   41.51
   20.75
   23.96
   27.84
   33.84
   42.53
   48.42
   32.71
   33.93
   39.77
   20.38
   24.66
   23.22
   28.42
   31.12
   35.46
   23.76
   34.91
   22.24
   30.66
   40.43
   17.12
   15.41
   40.34
   24.27
   39.97
   28.83
   32.45
   33.27
   39.82
   23.22
   30.63
   37.93
   28.27
   30.51
   33.01
   37.66
   36.98
   20.55
   26.44
   42.39
   17.54
   19.63
   24.72
   19.31
   24.06
   25.28
   29.05
   26.75
   21.48
   12.73
   16.81
   28.97
   28.62
   36.71
   25.16
   32.00
   31.47
   21.01
   19.89
   30.12
   20.82
   22.61
   13.06
   26.33
   12.40
   28.91
   17.25
   34.23
   31.09
   29.90
   26.08
   17.55
   31.53
   40.55
   21.74
   31.09
   26.62
   21.81
   32.31
   35.78
   19.20
   30.63
   18.54
   23.92
   30.05
   31.45
   36.31
   34.63
   21.87
   22.37
   24.07
   27.89
   20.63
   27.25
   48.84
   22.72
   21.39
   20.24
   20.97
   19.87
   30.60
   39.61
   24.63
   16.27
   18.81
   43.03
   38.25
   25.93
   22.75
   30.92
   48.58
   33.10
   27.34
   22.32
   36.39
   34.06
   36.00
   30.76
   33.27
   30.82
   20.13
   42.92
   42.01
   36.31
   32.22
   29.38
   45.02
   40.13
   41.12
   33.04
   36.62
   38.68
   30.24
   44.66
   24.47
   37.12
   18.85
   41.99
   36.76
   19.62
   18.81
   34.20
   18.30
   25.06
   27.94
   34.09
   25.57
   14.45
   42.23
   36.80
   39.86
   41.05
   39.07
   34.12
   27.64
   34.34
   31.20
   21.61
   34.75
   20.99
   34.32
   39.59
   42.88
   39.71
   14.38
   36.55
   24.49
   21.33
   14.87
   50.18
   18.94
   16.91
   22.29
   20.08
   42.92
   38.13
   41.50
   20.20
   27.41
   32.31
   32.23
   35.69
   26.06
   37.13
   24.58
   31.98
   31.99
   19.88
   35.94
   21.92
   27.11
   38.76
   33.30
   21.26
   45.40
   26.65
   20.98
   45.54
   27.72
   40.93
   24.85
   22.68
   20.51
   30.86
   28.63
   28.66
   36.32
   42.47
   19.58
   22.82
   17.19
   21.41
   28.77
   24.29
   23.11
   44.26
   42.01
   33.05
   29.45
   17.23
   22.68
   33.87
   34.07
   31.86
   38.82
   29.18
   25.54
   27.62
   33.62
   32.60
   41.07
   31.04
   29.16
   19.37
   26.37
   27.87
   30.67
   16.82
   28.77
   21.53
   35.78
   20.72
   22.66
   35.42
   18.59
   34.01
   20.61
   28.81
   45.82
   32.76
   16.83
   51.95
   24.44
   33.66
   30.35
   27.85
   32.09
   29.99
   21.95
   32.42
   35.64
   12.52
   29.25
   22.77
   31.41
   20.87
   33.44
   27.48
   32.96
   30.82
   18.51
   24.14
   35.21
   31.10
   16.29
   36.38
   26.33
   34.50
   13.27
   18.91
   19.53
   31.35
   22.44
   20.01
   29.54
   35.43
   22.04
   36.80
   36.66
   19.05
   21.79
   25.44
   35.28
   32.21
   19.61
   16.40
   20.24
   27.02
   39.36
   33.91
   26.30
   37.20
   30.27
   44.04
   21.15
   27.23
   23.80
   37.48
   35.60
   24.27
   42.07
   28.06
   42.31
   38.07
   44.90
   23.09
   47.32
   40.36
   27.97
   43.46
   27.97
   18.77
   26.39
   36.24
   25.63
   33.21
   46.20
   24.27
   23.54
   37.21
   31.44
   48.66
   22.85
   31.37
   23.89
   24.06
   43.52
   35.46
   24.71
   28.54
   41.38
   33.00
   13.57
   36.52
   30.39
   31.79
   24.96
   40.05
   22.59
   23.52
   31.90
   30.90
   28.26
   42.65
   25.78
   35.68
   20.91
   25.03
   18.17
   51.47
   31.27
   30.09
   31.23
   25.12
   35.68
   24.52
   33.30
   42.92
   26.97
   16.96
   26.13
   22.16
   26.05
   43.52
   42.15
   22.53
   29.89
   14.52
   41.75
   32.53
   31.85
   13.85
   30.21
   37.08
   32.77
   22.32
   35.70
   19.03
   29.40
   28.77
   16.41
   21.92
   42.45
   21.08
   29.97
   43.06
   36.10
   41.92
   38.47
   23.89
   27.36
   28.92
   32.47
   21.49
   37.43
   34.12
   23.12
   42.53
   37.23
   19.82
   26.64
   28.46
   31.69
   25.91
   37.67
   33.07
   31.01
   23.30
   45.14
   17.50
   35.63
   26.12
   32.60
   33.51
   36.52
   32.40
   31.40
   25.38
   16.90
   30.64
   34.42
   33.35
   27.73
   26.81
   29.40
   33.04
   42.54
   24.08
   29.82
   23.98
   45.71
   23.27
   17.77
   42.35
   39.92
   26.37
   38.29
   13.80
   16.66
   27.12
   30.08
   25.49
   32.37
   23.65
   26.43
   29.52
   27.59
   17.95
   14.40
   21.62
   29.02
   23.42
   25.55
   28.40
   22.85
   32.25
   30.26
   32.10
   31.31
   31.07
   23.35
   32.13
   23.62
   23.77
   22.24
   17.76
   27.89
   20.71
   22.40
   32.44
   20.14
   23.72
   22.18
   23.90
   25.16
   35.27
   24.05
   27.94
   33.85
   30.12
   24.86
   23.97
   27.88
   18.84
   30.36
   31.19
   39.24
   27.17
   27.33
   36.76
   31.86
   20.33
   29.49
   38.63
   27.02
   27.22
   60.27
   19.54
   16.60
   24.53
   31.70
   20.73
   40.29
   42.02
   33.79
   36.77
   25.55
   26.28
   41.40
   10.64
   25.00
   22.46
   49.15
   38.06
   49.39
   44.52
   36.66
   44.85
   22.64
   43.50
   34.40
   24.32
   26.93
   42.15
   16.54
   26.26
   15.39
   25.81
   11.88
   26.29
   54.13
   22.92
   27.29
   26.61
   39.40
   21.12
   56.85
   26.54
   20.44
   13.79
   30.10
   44.58
   21.11
   33.55
   29.54
   17.50
   20.93
   46.60
   49.24
   16.15
   42.83
   27.65
   30.69
   39.92
   39.91
   26.76
   25.11
   31.33
   40.25
   35.82
   34.76
   37.51
   43.23
   27.97
   36.86
   36.82
   20.98
   30.68
   22.78
   39.53
   20.21
   36.39
   32.60
   25.47
   31.87
   33.51
   45.68
   24.13
   32.92
   31.58
   27.51
   31.98
   21.97
   31.96
   29.08
   28.49
   15.78
   30.70
   33.80
   29.47
   38.89
   27.17
   45.60
   38.53
   39.67
   30.41
   29.08
   31.35
   46.58
   30.97
   30.03
   33.44
   20.82
   19.19
   41.51
   16.88
   36.35
   28.12
   22.94
   16.15
   17.62
   29.26
   36.05
   33.24
   26.99
   34.93
   36.13
   28.08
   31.28
   17.40
   24.04
   12.59
   27.03
   31.98
   26.08
   16.25
   18.68
   38.07
   23.30
   19.08
   35.90
   27.62
   30.53
   39.25
   19.25
   29.05
   22.11
   41.29
   34.98
   29.33
   25.78
   20.80
   33.46
   37.54
   25.21
   30.47
   25.53
   33.74
   23.49
   42.96
   17.28
   29.84
   22.11
   27.48
   32.62
   33.17
   26.34
   25.07
   17.45
   19.84
   43.37
   35.96
   23.28
   18.60
   44.55
   28.38
   29.60
   16.08
   42.13
   32.46
   26.59
   20.07
   28.97
   21.36
   30.19
   40.53
   41.89
   11.62
   17.52
   20.41
   23.41
   25.64
   27.42
   19.29
   24.72
   39.37
   39.65
   32.01
   22.06
   33.06
   39.71
   32.90
   32.70
   28.74
   28.49
   30.52
   14.59
   24.40
   18.79
   25.91
   57.06
   23.01
   37.10
   31.66
   23.90
   29.12
   14.49
   29.35
   22.63
   17.05
   46.53
   31.76
   23.43
   48.98
   38.53
   21.59
   27.95
   36.13
   36.15
   17.68
   35.01
   28.48
   41.29
   41.35
   21.87
   41.20
   19.42
   38.43
   20.67
   27.78
   30.42
   27.93
   29.93
   40.99
   38.99
   22.46
   40.30
   16.54
   45.55
   28.87
   34.24
   23.86
   34.88
   25.07
   27.59
   16.25
   16.15
   40.24
   31.99
   32.66
   27.73
   25.62
   47.11
   15.07
   29.35
   28.64
   38.06
   22.12
   33.09
   39.21
   23.65
   19.76
   24.45
   39.40
   45.57
   36.10
   36.60
   26.37
   32.91
   47.11
   24.40
   18.11
   41.44
   22.89
   15.26
   34.94
   25.81
   29.05
   22.67
   33.01
   44.68
   32.50
   31.00
   24.34
   39.39
   40.79
   25.61
   31.29
   22.95
   33.92
   21.25
   37.68
   36.74
   43.79
   34.04
   25.29
   28.06
   38.09
   16.53
   33.49
   40.67
   28.25
   29.88
   27.82
   41.18
   29.22
   10.92
   21.04
   37.51
   13.54
   24.01
   33.84
   26.27
   23.84
   26.33
   24.43
   24.48
   35.75
   24.42
   17.75
   24.55
   26.45
   28.29
   21.95
   15.48
   26.54
   28.34
   31.99
   26.96
   30.98
   30.59
   41.87
   20.51
   40.95
   25.11
   36.20
   21.01
   40.84
   20.73
   18.54
   18.77
   32.45
   26.32
   24.15
   31.74
   30.35
   25.95
   29.56
   32.68
   18.55
   33.05
   41.84
   16.76
   19.47
   25.32
   29.67
   37.60
   33.81
   26.82
   25.96
   19.62
   25.49
   37.40
   43.10
   29.60
   34.19
   20.83
   26.28
   30.44
   31.99
   25.54
   26.64
   41.59
   26.69
   31.67
   22.82
   26.60
   32.56
   22.99
   15.15
   32.01
   20.10
   31.64
   29.01
   17.42
   31.18
   28.03
   27.38
   29.52
   28.25
   24.42
   31.92
   26.28
   23.10
   24.85
   40.43
   30.29
   23.31
   20.12
   30.28
   26.31
   23.92
   36.81
   32.88
   28.64
   31.87
   25.90
   36.29
   34.27
   22.27
   38.37
   23.07
   36.30
   39.29
   23.90
   29.35
   24.14
   39.79
   39.37
   42.60
   36.79
   29.38
   11.85
   46.96
   25.61
   52.24
   13.02
   22.07
   21.74
   19.17
   29.47
   18.47
   34.46
   30.62
   22.31
   35.69
   39.98
   29.90
   34.90
   19.80
   47.77
   32.04
   27.72
   22.95
   38.68
   15.65
   48.61
   30.85
   40.68
   14.07
   38.39
   37.90
   35.74
   12.63
   31.11
   18.40
   26.22
   48.85
   57.77
   14.95
   16.72
   23.56
   20.65
   28.53
   23.10
   23.24
   14.71
   29.91
   27.54
   25.26
   28.43
   39.30
   25.38
   25.19
   16.33
   14.42
   47.48
   21.80
   33.77
   32.63
   34.78
   24.71
   26.00
   39.74
   40.12
   44.91
   31.10
   32.53
   27.75
   38.08
   49.41
   34.54
   31.75
   33.69
   38.19
   30.46
   37.07
   28.48
   38.95
   29.64
   40.92
   25.85
   23.21
   37.09
   38.85
   30.97
   24.59
   34.28
   19.93
   25.88
   23.76
   30.60
   32.65
   27.41
   33.89
   34.25
   45.35
   40.22
   28.36
   32.78
   33.35
   46.97
   31.00
   30.03
   27.03
   22.89
   31.35
   22.98
   16.96
   39.37
   36.11
   32.61
   33.06
   26.28
   26.99
   38.15
   22.68
   27.75
   30.33
   28.22
   23.13
   38.37
   17.05
   26.30
   27.50
   39.15
   21.97
   29.76
   30.63
   48.34
   27.17
   26.56
   22.96
   32.24
   23.84
   31.81
   26.37
   30.40
   16.04
   26.22
   21.72
   34.72
   27.47
   16.06
   27.74
   24.85
   19.55
   27.80
   35.40
   34.14
   22.73
   25.76
   14.27
   26.19
   22.88
   24.61
   36.62
   24.91
   17.25
   35.12
   31.84
   30.00
   23.18
   27.02
   21.97
   17.94
   23.76
   23.14
   31.08
   18.26
   14.13
   23.19
   28.58
   29.14
   13.01
   22.64
   19.18
   25.33
   35.30
   28.35
   28.95
   19.66
   17.75
   13.93
   11.75
   17.77
   42.55
   27.86
   26.91
   13.40
   21.21
   22.04
   23.36
   21.26
   20.03
   31.69
   28.45
   39.05
   29.01
   24.11
   32.49
   49.09
   34.75
   22.49
   35.54
   34.83
   39.15
   46.69
   28.72
   21.53
   15.83
   56.19
   21.44
   26.73
   15.45
   40.41
   33.77
   32.18
   39.81
   33.51
   39.99
   20.83
   39.17
   22.35
   21.75
   31.79
   54.91
   40.14
   25.38
   39.13
   22.22
   25.96
   47.73
   28.03
   27.24
   45.93
   17.53
   46.87
   20.14
   52.38
   37.43
   16.91
   36.53
   41.24
   26.59
   45.39
   32.81
   51.14
   23.37
   27.81
   16.67
   14.48
   21.42
   28.58
   12.27
   25.02
   46.56
   15.24
   36.54
   25.90
   38.53
   31.53
   38.73
   19.86
   18.30
   30.88
   32.05
   23.85
   33.49
   17.04
   27.96
   21.00
   18.16
   49.17
   43.00
   34.02
   31.25
   15.50
   34.93
   19.95
   24.19
   20.87
   32.63
   29.15
   36.68
   36.20
   26.26
   34.20
   32.28
   19.60
   30.56
   28.22
   32.10
   17.31
   33.03
   33.47
   35.35
   25.45
   43.16
   18.22
   27.30
   27.00
   16.40
   23.80
   44.82
   24.29
   45.44
   26.68
   21.32
   28.75
   35.81
   30.19
   28.33
   27.63
   20.17
   21.84
   36.91
   23.25
   26.90
   38.29
   32.07
   32.96
   28.06
   26.23
   28.28
   30.00
   28.83
   18.86
   20.97
   40.53
   17.49
   31.63
   32.64
   36.24
   24.52
   23.51
   35.64
   18.72
   34.60
   30.20
   25.21
   26.51
   33.88
   41.94
   23.65
   23.79
   27.92
   39.96
   20.12
   43.11
   32.41
   39.10
   23.80
   29.26
   34.14
   31.16
   32.81
   21.25
   26.05
   29.90
   22.65
   22.66
   15.71
   27.46
   32.87
   43.81
   28.51
   21.12
   20.60
   19.20
   27.44
   28.89
   19.27
   22.63
   16.31
   26.67
   29.01
   29.13
   25.14
   18.96
   19.45
   29.90
   14.95
   26.05
   24.06
   26.85
   27.02
   22.38
   38.79
   17.24
   21.08
   16.21
   28.51
   33.09
   26.24
   35.40
   31.36
   26.96
   28.13
   30.12
   31.94
   13.87
   27.69
   19.51
   26.07
   14.41
   27.27
   47.87
   29.23
   39.01
   30.74
   36.99
   46.31
   37.93
   46.74
   44.64
   22.19
   40.08
   19.07
   30.68
   25.07
   33.91
   48.91
   25.05
   37.39
   15.47
   29.76
   19.00
   45.15
   32.64
   41.22
   41.81
   16.51
   26.11
   22.89
   20.47
   40.74
   16.31
   54.61
   19.17
   20.47
   33.50
   28.99
   17.81
   21.73
   25.37
   25.29
   40.04
   35.19
   28.12
   35.25
   17.37
   26.85
   16.82
   51.87
   31.44
   29.78
   27.82
   32.78
   28.83
   30.79
   30.56
   24.04
   22.80
   40.82
   19.16
   31.93
   17.35
   29.38
   40.52
   25.13
   19.47
   43.78
   32.26
   25.29
   36.91
   20.60
   34.90
   39.84
   42.32
   18.69
   23.39
   38.74
   29.66
   51.42
   34.64
   19.59
   25.08
   28.39
   33.10
   26.04
   42.65
   33.82
   18.81
   20.91
   42.34
   35.84
   24.73
   32.19
   31.86
   28.43
   18.43
   34.98
   18.66
   31.97
   39.84
   34.62
   31.29
   27.96
   29.45
   16.04
   27.97
   26.84
   38.57
   27.68
   40.61
   25.29
   34.71
   16.57
   41.89
   23.51
   26.36
   32.56
   19.52
   44.59
   24.96
   24.14
   33.07
   20.35
   27.34
   37.31
   32.73
   18.44
   30.18
   24.54
   29.82
   45.33
   23.24
   15.00
   29.80
   39.88
   34.04
   36.79
   17.14
   36.01
   40.42
   27.61
   26.24
   26.19
   32.37
   19.92
   26.72
   23.13
   30.34
   20.96
   16.99
   30.95
   33.60
   26.44
   14.43
   24.11
   32.77
   29.61
   19.76
   34.63
   26.06
   38.67
   20.99
   20.34
   27.32
   36.60
   17.80
   28.70
   25.33
   22.60
   25.96
   25.41
   22.73
   23.94
   22.77
   31.08
   30.01
   26.70
   20.44
   20.66
   27.70
   27.94
   25.47
   23.25
   27.56
   46.99
   38.29
   31.27
   29.63
   22.34
   29.72
   24.92
   12.77
   28.98
   18.66
   20.21
   31.97
   29.19
   14.09
   31.08
   20.04
   24.79
   31.94
   16.77
   35.03
   16.21
   19.02
   19.95
   21.46
   25.73
   23.14
   31.25
   28.71
   31.08
   27.40
   22.56
   11.27
   26.68
   25.98
   24.06
   19.93
   44.01
   36.08
   25.02
   35.13
   25.90
   36.83
    9.81
   24.32
   44.65
   48.37
   20.76
   38.01
   25.60
   21.34
   41.61
   21.97
   34.04
   30.21
   38.12
   46.13
   46.88
   33.41
   25.26
   26.78
   34.82
   33.45
   28.96
   29.83
   46.55
   50.93
   33.54
   41.02
   33.57
   12.21
   31.76
   30.16
   25.65
   13.62
   37.82
   31.53
   22.52
   24.17
   45.34
   38.32
   18.64
   44.51
   23.02
   50.18
   39.09
   39.25
   24.03
   27.21
   41.84
   38.91
   46.87
   30.23
   27.29
   17.05
   19.26
   29.71
   34.68
   15.40
   35.59
   33.01
   39.69
   51.26
   19.30
   21.26
   25.37
   50.97
   35.19
   36.10
   38.13
   37.76
   28.45
   38.64
   27.68
   16.14
   22.98
   35.32
   17.01
   41.29
   23.64
   38.74
   36.91
   19.02
   14.19
   28.38
   25.45
   22.82
   41.98
   23.81
   30.98
   21.43
   31.84
   25.71
   29.99
   22.70
   40.97
   25.63
   28.71
   34.96
   23.36
   28.05
   31.41
   31.33
   33.68
   27.65
   24.68
   23.47
   27.27
   28.76
   39.52
   30.63
   41.09
   23.26
   37.74
   16.56
   19.34
   24.15
   24.02
   27.93
   30.08
   27.17
   27.95
   21.23
   19.34
   33.57
   18.44
   40.55
   24.31
   33.56
   34.74
   19.23
   29.41
   31.09
   40.11
   35.62
   21.15
   34.52
   36.35
   32.66
   18.21
   31.81
   35.12
   29.24
   24.27
   34.29
   26.45
   24.05
   16.38
   19.49
   39.53
   31.71
   23.20
   24.30
   30.85
   27.23
   27.00
   26.92
   22.88
   32.93
   27.74
   27.89
   25.65
   33.64
   18.98
   24.51
   30.58
   21.48
   42.81
   33.84
   30.60
   31.81
   15.28
   32.93
   38.47
   24.01
   27.41
   29.84
   21.38
   21.83
   24.57
   41.61
   27.70
   25.53
   23.04
   24.99
   35.03
   37.98
   29.88
   31.68
   30.98
   14.93
   34.33
   48.32
   36.28
   21.52
   25.20
   18.45
   27.53
   17.89
   12.30
   24.24
   24.69
   24.57
   25.19
   28.39
   32.33
   24.39
   14.21
   40.46
   16.72
   27.93
   37.17
   31.91
   17.88
   53.48
   43.56
   28.86
   20.19
   52.16
   20.35
   25.61
   22.96
   19.92
   51.52
   18.15
   38.40
   31.96
   34.42
   57.63
   22.42
   33.82
   31.60
   41.31
   12.38
   22.78
   38.77
   26.64
   16.35
   32.89
   33.75
   14.66
   24.35
   43.08
   17.41
   27.48
   23.60
   27.69
   39.78
   23.59
   33.52
   41.84
   25.22
   39.09
   40.38
   43.04
   44.75
   39.61
   30.90
   26.24
   50.79
   52.69
   23.92
   36.52
   17.01
   26.94
   32.07
   41.24
   28.10
   39.12
   34.33
   25.60
   21.93
   31.74
   34.60
   17.05
   42.72
   21.13
   28.58
   19.55
   23.68
   27.53
   28.09
   24.33
   22.16
   45.69
   29.93
   43.78
   37.30
   29.60
   31.82
   18.38
   23.57
   27.59
   23.36
   36.57
   23.51
   38.38
   16.65
   38.10
   49.33
   26.72
   28.99
   20.85
   24.90
   29.11
   26.21
   33.19
   23.88
   36.85
   28.52
   35.63
   18.34
   39.92
   20.90
   26.42
   15.59
   25.60
   40.29
   41.18
   29.01
   19.18
   23.90
   47.00
   17.34
   35.99
   31.12
   38.93
   25.82
   22.17
   20.26
   17.44
   24.22
   21.90
   36.85
   37.25
   21.09
   30.65
   23.46
   36.14
   25.03
   33.07
   23.23
   29.05
   43.52
   32.42
   36.71
   27.78
   21.59
   28.37
   15.98
   23.82
   14.60
   29.76
   18.47
   34.48
   16.99
   22.05
   34.91
   27.75
   13.79
   36.12
   27.48
   23.09
   28.14
   44.48
   31.76
   26.15
   22.87
   23.84
   31.31
   38.35
   33.28
   43.70
   38.68
   20.58
   23.66
   18.72
   29.50
   31.92
   35.65
   40.60
   23.38
   18.77
   36.37
   27.59
   23.41
   30.76
   44.55
   20.03
   20.28
   22.03
   20.61
   27.35
   35.26
   19.89
   24.01
   29.89
   21.89
   41.60
   17.26
   19.86
   34.42
   21.25
   22.51
   30.98
   19.90
   32.24
   34.49
   36.45
   23.00
   25.30
   14.67
   16.91
   40.37
   14.02
   21.35
   27.75
   22.25
   21.62
   23.16
   25.82
   22.03
   18.36
   35.73
   32.93
   25.01
   41.83
   43.43
   28.33
   27.18
   26.74
   30.13
   32.25
   26.06
   20.52
   24.79
   26.89
   27.38
   35.72
   22.93
   34.87
   27.70
   30.14
   40.79
   40.47
   48.94
   17.01
   10.16
   30.73
   14.69
   34.21
   15.06
   27.86
   43.66
   16.74
   49.60
   35.38
   20.27
   20.50
   28.52
   21.04
   24.14
   49.30
   31.67
   28.10
   24.35
   25.27
   19.02
   42.10
   27.53
   48.15
   32.00
   21.08
   46.19
   26.47
   23.70
   15.85
   44.25
   20.86
   49.14
   34.97
   29.26
   30.64
   42.70
   36.34
   15.57
   47.68
   38.75
   34.72
   55.60
   25.72
   30.29
   28.43
   21.96
   27.54
   30.31
   34.03
   34.59
   43.68
   20.20
   22.58
   28.56
   40.63
   26.18
   27.46
   44.15
   32.38
   26.40
   33.70
   19.71
   24.74
   33.16
   29.80
   43.86
   20.39
   26.85
   39.20
   42.63
   31.49
   34.80
   37.60
   30.83
   42.41
   27.14
   25.32
   26.98
   29.84
   36.58
   36.79
   32.80
   17.12
   17.00
   27.17
   40.61
   18.02
   28.82
   29.97
   35.54
   39.66
   23.47
   38.96
    9.56
   37.44
   30.01
   31.43
   28.83
   23.33
   36.08
   21.61
   20.41
   41.06
   32.08
   31.80
   21.03
   36.21
   38.06
   20.13
   32.17
   30.47
   19.02
   38.83
   12.28
   28.04
   26.81
   35.58
   19.18
   26.50
   27.63
   25.60
   25.78
   29.56
   29.29
   39.99
   34.66
   39.61
   27.16
   33.15
   26.41
   26.26
   20.31
   20.68
   17.69
   32.61
   29.52
   22.62
   37.32
   29.00
   31.66
   22.01
   24.82
   35.15
   36.86
   34.55
   26.33
   26.13
   22.48
    8.27
   25.62
   28.05
   35.53
   23.64
   31.06
   27.71
   26.60
   23.14
   34.01
   27.45
   22.17
   33.27
   36.43
   30.74
   25.09
   32.66
   22.05
   12.65
   31.58
   36.67
   20.11
   23.22
   22.31
   26.88
   31.43
   28.46
   25.26
   29.26
   33.38
   33.56
   18.24
   42.28
   29.21
   28.99
   36.36
   19.69
   31.56
   27.63
   27.35
   25.28
   29.94
   23.67
   27.65
   22.00
   19.08
   19.14
   36.78
   17.11
   31.82
   32.69
   23.52
   17.72
   25.75
   21.76
   24.90
   27.17
   28.48
   18.66
   56.74
   32.64
   32.55
   25.96
   43.35
   35.12
   27.42
   32.12
   48.73
   30.32
   30.96
   32.59
   20.90
   40.53
   16.89
   24.94
   15.95
   50.98
   41.56
   48.48
   36.96
   19.08
   23.20
   18.68
   21.42
   26.00
   33.75
   31.55
   29.10
   21.90
   25.78
   43.15
   46.07
   28.05
   25.01
   42.32
   41.32
   30.44
   37.08
   42.96
   21.91
   26.76
   18.54
   44.44
   31.81
   34.46
   32.73
   18.83
   39.77
   30.92
   34.03
   24.16
   32.65
   24.49
   22.58
   48.40
   16.65
   34.24
   15.08
   39.29
   31.15
   34.00
   29.59
   31.33
   33.36
   26.06
   18.47
   24.33
   27.60
   30.77
   18.05
   28.32
   34.73
   39.68
   25.47
   48.48
   33.09
   36.41
   28.50
   26.20
   25.97
   34.21
   37.22
   27.90
   19.65
   38.54
   38.75
   25.06
   24.85
   33.39
   39.21
   34.91
   38.45
   31.73
   32.28
   23.71
   31.81
   33.44
   28.28
   35.21
   28.10
   28.98
   29.67
   21.92
   29.88
   18.64
   36.63
   29.42
   32.80
   40.08
   35.94
   22.74
   22.71
   27.18
   20.41
   21.27
   49.75
   22.64
   41.92
   30.87
   16.76
   19.44
   22.08
   22.77
   32.00
   28.45
   31.20
   37.31
   44.11
   36.74
   15.16
   39.80
   32.78
   26.32
   26.18
   24.32
   24.54
   28.45
   23.23
   20.53
   24.51
   29.25
   34.01
   31.93
   18.62
   24.89
   29.49
   21.13
   26.34
   31.76
   23.69
   37.70
   26.36
   15.44
   24.89
   17.50
   20.52
   35.80
   33.77
   27.18
   30.71
   25.45
   20.26
   16.19
   25.27
   24.22
   35.77
   28.43
   28.37
   18.71
   42.00
   22.36
   26.54
   25.56
   22.21
   22.65
   24.07
   28.94
   33.76
   32.04
   24.72
   19.68
   27.25
   24.19
   24.46
   29.15
   37.22
   26.58
   38.57
   31.89
   21.51
   13.53
   23.90
   27.98
   35.63
   15.52
   32.02
   23.59
   35.42
   16.95
   21.79
   22.52
   22.60
   28.52
   22.17
   30.42
   32.53
   19.62
   38.58
   27.99
   19.34
   28.06
   36.16
   34.09
   24.97
   28.77
   42.16
   19.33
   34.99
   34.86
   34.80
   25.39
   35.23
   22.33
   34.10
   30.10
   41.92
   22.54
   19.63
   37.43
   45.80
   36.95
   26.39
   31.48
   33.52
   40.94
   35.81
   36.21
   31.56
   39.78
   27.99
   23.76
   43.92
   31.33
   34.48
   26.84
   42.88
   41.11
   42.86
   25.58
   20.13
   44.13
   21.86
   31.53
   38.14
   16.68
   27.50
   21.25
   33.10
   31.81
   26.22
   40.42
   24.97
   36.75
   47.58
   25.95
   27.89
   18.25
   29.47
   41.79
   15.59
   34.57
   32.85
   41.18
   23.08
   32.90
   29.22
   18.70
   27.72
   32.76
   23.15
   30.08
   25.51
   38.92
   27.39
   19.58
   31.01
   38.11
   23.77
   22.34
   54.60
   19.15
   33.21
   20.00
   22.00
   39.40
   11.78
   29.98
   16.53
   36.76
   23.75
   37.61
   35.45
   14.24
   39.67
   15.96
   24.63
   31.28
   32.52
   30.76
   34.09
   27.24
   31.17
   21.32
   28.93
   22.34
   40.54
   40.82
   26.40
   29.43
   29.89
   39.22
   31.36
   22.38
   39.57
   18.42
   26.07
   36.38
   27.47
   21.72
   22.50
   23.51
   28.30
   29.67
   29.67
   32.10
   20.45
   21.78
   34.61
   19.89
   35.68
   42.18
   24.41
   20.21
   36.07
   25.72
   41.32
   24.31
   35.97
   26.15
   43.43
   16.45
   40.74
   17.18
   40.48
   34.68
   28.59
   16.98
   34.29
   19.50
   36.26
   24.03
   24.12
   31.82
   34.25
   31.80
   14.52
   16.24
   32.52
   22.41
   28.15
   29.13
   37.27
   15.32
   39.32
   26.84
   19.09
   20.50
   20.98
   41.39
   23.04
   32.93
   12.34
   17.20
   27.56
   24.84
   33.54
   24.34
   30.75
   22.93
   25.08
   28.72
   26.48
   20.97
   12.68
   23.71
   33.68
   38.97
   25.01
   15.13
   23.37
   38.59
   26.20
   30.85
   25.86
   27.75
   28.26
   25.11
   24.94
    9.75
   16.98
   19.51
   28.63
   24.78
   37.91
   43.32
   21.08
   43.90
   45.51
   18.27
   20.74
   32.23
   46.59
   29.47
   18.64
   52.13
   29.62
   17.68
   16.93
   36.40
   18.93
   22.45
   24.71
   42.16
   54.42
   21.54
   37.13
   22.05
   28.34
   44.84
   29.50
   44.47
   40.21
   20.03
   27.59
   45.56
   32.00
   31.77
   22.84
   32.23
   18.89
   26.82
   36.93
   26.53
   31.74
   31.01
   32.01
   16.02
   36.39
   27.28
   38.55
   30.27
   10.85
   15.53
   26.40
   34.16
   26.66
   22.68
   35.27
   24.47
   21.17
   39.84
   22.57
   13.11
   31.87
   34.77
   56.01
   27.38
   22.01
   27.40
   35.91
   19.81
   15.12
   19.20
   32.29
   32.67
   41.68
   26.97
   36.51
   42.19
   29.13
   21.76
   23.62
   27.58
   20.96
   28.15
   41.09
   33.26
   43.76
   22.53
   29.09
   13.29
   31.13
   35.31
   39.32
   25.53
   27.41
   19.53
   20.97
   20.84
   18.51
   29.83
   26.02
   39.73
   23.37
   29.58
   30.05
   19.91
   13.80
   34.61
   38.90
   39.56
   23.06
   26.75
   28.02
   41.07
   44.18
   46.23
   33.08
   25.52
   26.63
   24.90
   43.98
   27.52
   18.53
   31.38
   49.62
   26.94
   37.33
   32.09
   37.60
   25.97
   27.57
   26.76
   34.78
   40.01
   19.75
   22.83
   36.17
   30.04
   27.42
   38.38
   31.61
   31.39
   24.14
   17.48
   22.84
   14.98
   18.70
   28.94
   37.26
   25.03
   37.92
   34.50
   28.81
   27.39
   36.09
   12.37
   24.47
   27.84
   23.57
   24.00
   27.26
   25.19
   26.92
   30.97
   44.45
   46.43
   23.71
   35.25
   34.23
   36.63
   27.32
   41.08
   40.44
   18.62
   23.41
   30.31
   35.42
   24.80
   18.70
   24.50
   18.82
   26.80
   29.74
   32.26
   18.64
   36.01
   25.76
   28.68
   20.81
   20.79
   27.67
   35.42
   25.07
   17.85
   17.54
   22.18
   17.34
   32.21
   35.62
   25.19
   29.83
   17.71
   17.26
   33.17
   27.03
   39.57
   26.78
   24.49
   23.12
   29.86
   23.77
   16.14
   38.96
   25.92
   33.06
   28.77
   32.63
   16.65
   26.26
   23.22
   36.36
   19.62
   15.85
   31.55
   21.34
   31.30
   31.71
   34.11
   26.15
   26.95
   42.88
   37.17
   26.13
   39.33
   45.54
   17.20
   29.85
   32.44
   38.11
   38.42
   20.80
   27.90
   41.01
   23.73
   44.33
   30.14
   41.56
   18.35
   23.01
   40.26
   29.84
   36.53
   53.73
   20.87
   26.24
   27.22
   21.58
   33.18
   29.74
   34.10
   46.42
   29.24
   17.99
   26.64
   24.74
   33.63
   27.91
   27.85
   24.64
   35.39
   27.54
   27.52
   22.12
   43.69
   31.46
   28.75
   30.08
   36.12
   34.39
   23.86
   25.43
   31.47
   30.73
   19.23
   21.36
   37.41
   29.22
   36.32
   26.19
   28.22
   23.25
   18.32
   14.47
   38.28
   30.88
   36.29
   29.28
   39.45
   33.62
   22.06
   32.51
   30.22
   41.14
   36.64
   37.14
   47.85
   25.88
   17.98
   17.30
   29.96
   30.61
   35.20
   23.42
   31.94
   32.34
   33.44
   36.32
   35.17
   33.08
   22.82
   21.65
   30.03
   42.99
   30.33
   16.48
   24.67
   31.94
   23.62
   23.88
   23.88
   30.77
   38.38
   26.27
   27.36
   26.15
   28.24
   23.34
   36.35
   36.75
   40.80
   20.62
   25.61
   23.06
   18.43
   36.10
   30.82
   29.24
   26.19
   25.36
   31.90
   27.77
   28.48
   43.05
   30.58
   18.54
   30.24
   22.66
   38.91
   22.60
   33.63
   17.69
   22.61
   30.88
   30.91
   16.26
   32.15
   25.75
   33.15
   28.60
   39.94
   28.85
   21.93
   25.65
   33.98
   35.27
   35.34
   22.94
   20.03
   23.30
   16.35
   26.27
   32.50
   16.82
   32.11
   22.70
   33.15
   17.75
   22.13
   28.80
   33.05
   17.54
   25.83
   25.10
   25.93
   14.80
   28.52
   30.61
   47.37
   19.50
   16.15
   26.19
   29.08
   26.94
   21.12
   17.91
   34.68
   37.32
   18.25
   28.09
   20.70
   19.48
   37.51
   21.48
   24.87
   27.73
   30.31
   21.30
   16.99
   23.40
   22.51
   35.14
   36.23
   34.64
   26.46
   20.21
   16.15
   26.74
   25.83
   25.43
   36.76
   35.39
   27.53
   34.46
   29.28
   23.40
   24.49
   30.63
   33.54
   32.08
   34.54
   28.84
   33.29
   35.74
   15.89
   39.76
   35.89
   27.07
   27.69
   23.33
   26.86
   19.10
   29.02
   34.75
   26.93
   14.07
   15.36
   20.41
   36.04
   52.86
   15.51
   18.33
   20.43
   22.59
   50.61
   19.17
   32.40
   41.71
   35.32
   38.74
   36.19
   23.32
   32.88
   24.19
   30.36
   27.71
   55.67
   29.18
   32.00
   36.81
   46.32
   24.52
   18.46
   22.22
   13.99
   32.29
   39.06
   33.97
   23.14
   15.61
   33.58
   53.66
   32.63
   19.83
   28.54
   35.20
   27.65
   15.66
   35.80
   28.26
   19.92
   33.47
   53.10
   36.63
   29.96
   31.16
   30.49
   41.59
   25.23
   34.71
   38.63
   41.82
   26.74
   24.57
   22.72
   20.64
   15.96
   19.12
   34.11
   36.81
   25.53
   32.66
   16.17
   24.76
   36.57
   33.51
   27.30
   21.21
   41.69
   20.74
   41.35
   13.42
   34.73
   47.31
   22.38
   31.78
   19.92
   17.74
   29.05
   19.28
   34.03
   19.70
   36.70
   25.34
   26.76
   43.32
   35.26
   23.67
   18.72
   37.11
   19.16
   22.12
   18.88
   26.31
   33.56
   32.73
   29.05
   36.00
   30.82
   31.60
   27.67
   22.81
   27.34
   33.48
   33.62
   37.47
   23.36
   35.62
   32.95
   23.56
   27.14
   20.12
   20.19
   40.93
   25.01
   31.38
   19.69
   30.85
   15.36
   27.66
   28.60
   39.99
   33.15
   17.79
   26.76
   25.60
   25.10
   19.24
   36.05
   33.25
   26.82
   46.68
   26.78
   28.60
   28.79
   35.18
   23.09
   28.17
   18.95
   32.72
   29.42
   34.42
   37.53
   22.66
   14.35
   28.23
   39.43
   25.53
   23.77
   35.34
   36.06
   23.09
   31.69
   27.18
   26.01
   18.82
   20.89
   28.99
   33.86
   27.48
   33.98
   23.08
   32.93
   28.01
   34.27
   27.53
   26.70
   30.81
   37.83
   25.99
   28.28
   20.48
   32.21
   35.95
   39.34
   26.80
   25.98
   31.07
   28.50
   26.24
   28.28
   25.47
   31.26
   33.56
   27.53
   33.67
   28.13
   34.31
   26.51
   21.69
   22.58
   20.05
   24.97
   39.32
   15.10
   29.58
   40.38
   23.57
   16.89
   28.07
   17.91
   20.70
   19.97
   30.06
   23.86
   36.24
   28.98
   16.04
   26.86
   52.74
   24.43
   17.79
   37.78
   33.21
   22.46
   23.31
   29.39
   32.15
   28.39
   45.65
   29.72
   26.86
   21.91
   41.36
   18.74
   40.64
   22.90
   29.94
   25.16
   32.60
   34.84
   21.95
   26.03
   29.20
   31.42
   24.46
   38.02
   22.77
   32.83
   18.30
   39.74
   38.11
   32.51
   22.70
   30.16
   39.05
   37.51
   37.74
   20.78
   18.07
   30.76
   21.01
   25.95
   38.56
   31.15
   32.40
   40.01
   19.00
   30.84
   31.24
   49.18
   14.98
   25.37
   35.23
   26.90
   35.26
   44.15
   34.49
   27.29
   21.60
   29.40
   44.33
   33.23
   41.77
   26.04
   27.94
   47.17
   35.37
   26.67
   38.29
   39.79
   33.00
   26.35
   20.15
   28.57
   33.41
   15.32
   38.28
   19.82
   27.72
   36.04
   15.39
   27.37
   35.35
   51.99
   25.49
   43.32
   38.84
   37.60
   30.57
   20.19
   18.99
   19.66
   20.40
   38.27
   35.83
   27.93
   20.75
   29.50
   38.64
   26.29
   31.79
   31.76
   39.00
   24.31
   24.33
   27.43
   33.32
   19.69
   17.05
   20.70
   34.29
   27.02
   46.01
   33.83
   32.40
   35.80
   26.18
   37.65
   25.22
   33.31
   28.62
   22.49
   36.69
   34.60
   27.13
   37.54
   40.43
   30.49
   22.08
   17.42
   34.68
   27.38
   32.25
   17.14
   18.81
   16.94
   26.86
   18.52
   24.92
   30.78
   29.93
   14.24
   26.33
   35.92
   29.75
   33.81
   35.16
   26.39
   22.81
   29.40
   33.41
   22.62
   18.60
   19.47
   27.06
   25.47
   26.39
   16.63
   30.80
   32.80
   31.73
   37.14
   22.13
   26.17
   20.37
   30.79
   38.47
   33.82
   32.74
   25.97
   30.00
   26.83
   22.25
   26.79
   18.27
   28.40
   25.84
   42.48
   22.90
   38.51
   25.14
   21.52
   24.42
   41.09
   18.66
   19.10
   42.90
   33.88
   27.68
   23.17
   22.91
   26.82
   37.57
   22.29
   24.74
   26.21
   23.00
   31.59
   26.00
   15.48
   30.75
   22.06
   21.31
   45.26
   29.54
   20.53
   17.11
   20.39
   39.97
   18.29
   39.34
   42.27
   37.89
   22.14
   30.29
   21.14
   41.51
   40.20
   37.38
   17.64
   26.34
   35.26
   30.43
   52.93
   23.43
   21.74
   29.09
   35.75
   37.50
   26.53
   22.13
   24.02
   28.15
   37.80
   43.55
   24.18
   28.24
   20.03
   30.47
   51.40
   27.44
   25.82
   36.57
   34.18
   21.44
   38.05
   51.95
   20.77
   23.14
   43.48
   33.89
   37.87
   41.03
   29.27
   32.63
   42.35
   25.93
   31.31
   35.08
   31.34
   42.73
   33.84
   22.52
   24.55
   40.37
   36.82
   48.01
   32.02
   16.45
   16.27
   31.51
   20.58
   28.57
   37.61
   28.30
   38.55
   21.57
   24.79
   14.48
   18.18
   41.43
   32.65
   35.02
   22.31
   37.08
   41.45
   29.93
   27.95
   37.06
   32.45
   29.44
   15.84
   49.64
   34.25
   28.05
   22.19
   26.75
   30.70
   35.25
   46.63
   38.48
   37.43
   41.70
   15.18
   27.54
   24.20
   23.71
   27.01
   32.74
   43.40
   30.98
   27.04
   32.19
   40.76
   28.74
   28.44
   28.24
   30.29
   22.78
   34.64
   18.30
   24.07
   35.32
   25.74
   36.16
   31.28
   17.51
   30.55
   34.12
   37.96
   45.86
   26.27
   23.19
   20.60
   35.63
   31.71
   33.75
   23.58
   31.39
   47.13
   37.12
   19.68
   29.06
   35.61
   17.26
   14.77
   35.79
   34.17
   21.76
   37.03
   21.22
   21.03
   19.28
   24.65
   16.06
   36.20
   24.22
   21.70
   30.87
   15.20
   36.14
   31.80
   28.51
   29.43
   14.82
   30.08
   27.37
   30.32
   25.65
   28.16
   21.28
   43.64
   13.76
   22.30
   25.98
   24.42
   23.25
   22.50
   32.46
   23.29
   16.77
   35.91
   40.91
   36.27
   27.58
   24.88
   22.22
   29.83
   24.57
   27.80
   25.87
   20.90
   26.96
   27.45
   42.41
   22.69
   22.77
   27.56
   27.75
   24.37
   23.70
   21.84
   32.23
   31.59
   32.08
   34.56
   45.09
   21.04
   27.75
   22.59
   22.10
   20.27
   23.66
   23.93
   29.78
   16.33
   21.26
   28.15
   27.40
   24.33
   18.34
   22.37
   46.30
   22.86
   18.90
   26.58
   32.27
   31.30
   35.77
   30.57
   30.79
   27.85
   22.98
   36.26
   27.54
   45.00
   11.51
   36.98
   49.26
   37.44
   27.14
   48.60
   16.93
   26.87
   41.15
   18.82
   17.55
   39.90
   30.67
   37.80
   45.24
   39.90
   30.59
   28.20
   23.08
   46.13
   13.24
   36.03
   27.67
   23.55
   18.39
   30.07
   15.28
   36.90
   51.84
   21.63
   44.64
   43.11
   38.85
   20.57
   30.88
   30.91
   29.34
   26.83
   39.36
   20.94
   30.51
   34.40
   46.65
   39.74
   44.41
   44.80
   33.54
   23.92
   15.48
   25.52
   39.82
   22.32
   34.52
   32.69
   43.33
   19.56
   22.34
   16.22
   33.07
   43.84
   51.07
   36.58
   37.08
   45.95
   28.41
   32.44
   32.15
   39.07
   28.89
   38.37
   51.37
   26.30
   18.86
   27.05
   16.66
   39.67
   37.08
   46.05
   27.33
   20.93
   28.46
   22.36
   23.91
   39.57
   27.86
   40.12
   31.00
   30.77
   29.73
   43.87
   33.83
   43.65
   21.18
   34.52
   26.70
   21.49
   27.48
   19.31
   24.51
   36.58
   19.37
   37.55
   19.27
   16.68
   38.81
   27.32
   15.79
   32.54
   24.27
   34.63
   19.94
   22.22
   26.43
   38.49
   28.18
   37.69
   16.79
   28.07
   33.27
   16.78
   24.22
   16.77
   21.92
   21.96
   25.33
   18.54
   34.42
   43.94
   33.50
   21.71
   34.03
   18.29
   32.01
   24.89
   32.49
   33.25
   34.83
   29.49
   37.81
   29.33
   17.00
   29.44
   36.24
   25.80
   27.01
   17.82
   31.05
   23.95
   25.38
   29.95
   24.83
   22.17
   25.10
   19.33
   24.98
   37.92
   33.47
   23.83
   34.67
   21.34
   20.24
   31.07
   22.18
   37.65
   30.62
   32.05
   28.47
   17.08
   26.18
   24.89
   34.58
   28.89
   18.57
   23.13
   18.23
   10.52
   24.45
   35.09
   30.28
   25.09
   33.02
   30.25
   30.29
   13.81
   25.16
   25.31
   29.94
   30.37
   35.57
   23.33
   16.06
   30.17
   30.84
   42.93
   22.51
   24.35
   32.85
   22.84
   32.06
   28.09
   20.37
   25.55
   31.80
   42.53
   39.17
   19.57
   32.67
   31.97
   38.13
   27.61
   27.42
   36.92
   51.89
   32.48
   38.26
   22.29
   29.23
   31.44
   40.74
   42.74
   32.72
   25.73
   23.91
   22.62
   33.63
   34.77
   31.00
   28.82
   41.32
   29.37
   29.49
   25.60
   33.20
   27.81
   38.10
   28.96
   18.24
   37.95
   39.06
   26.95
   27.59
   35.51
   32.99
   20.18
   32.33
   42.05
   49.19
   15.94
   38.12
   23.59
   43.33
   51.02
   28.93
   48.22
   23.64
   24.60
   18.59
   28.30
   44.91
   28.43
   25.13
   21.74
   30.71
   35.30
   16.61
   35.23
   22.38
   21.60
   15.18
   12.73
   28.69
   28.56
   20.37
   30.32
   33.23
   50.68
   22.17
   43.08
   26.96
   32.33
   27.54
   25.83
   24.38
   18.25
   22.98
   26.39
   34.81
   49.76
   30.10
   21.07
   34.08
   34.25
   26.85
   24.51
   15.36
   33.90
   29.46
   23.94
   28.63
   27.58
   26.06
   30.29
   25.78
   43.79
   36.28
   25.69
   21.11
   37.51
   29.54
   28.05
   28.17
   22.76
   42.03
   29.55
   38.14
   39.65
   30.98
   31.63
   37.04
   19.00
   37.70
   21.59
   30.56
   29.01
   39.26
   41.64
   16.94
   32.06
   19.15
   28.95
   21.10
   36.52
   34.35
   38.58
   35.87
   28.29
   30.26
   27.95
   30.18
   36.89
   46.74
   14.51
   24.20
   32.58
   26.24
   31.23
   30.09
   21.64
   30.28
   18.08
   22.80
   30.53
   28.27
   42.94
   22.02
   22.62
   20.78
   22.88
   27.01
   24.85
   27.72
   26.18
   35.10
   24.67
   22.88
   22.60
   26.80
   34.62
   32.00
   27.20
   41.42
   19.64
   25.37
   35.64
   13.31
   25.25
   30.40
   33.68
   23.76
   31.01
   31.04
   23.18
   17.91
   23.62
   25.72
   17.77
   18.40
   38.09
   25.97
   30.87
   28.48
   23.03
   21.07
   22.87
   33.44
   20.36
   30.17
   31.32
   34.14
   27.16
   21.17
   18.94
   20.21
   30.53
   21.13
   18.55
   31.22
   37.55
   26.28
   31.90
   34.13
   28.17
   31.35
   26.48
   17.87
   18.49
   20.33
   28.71
   28.88
   25.76
   22.65
   19.48
   38.08
   26.39
   24.31
   28.89
   24.38
   14.74
   27.83
   27.24
   52.67
   30.30
   23.18
   16.46
   50.98
   14.74
   34.95
   28.17
   47.15
   38.83
   18.06
   33.18
   24.76
   49.42
   44.56
   28.84
   22.52
   30.87
   39.30
   47.96
   45.51
   41.34
   43.44
   19.17
   17.93
   21.13
   25.76
   35.94
   39.28
   30.26
   30.16
   37.76
   34.55
   45.23
   41.70
   17.22
   33.15
   18.51
   31.88
   20.31
   20.50
   24.29
   41.88
   37.41
   35.67
   34.72
   26.82
   33.22
   28.86
   18.10
   45.95
   32.74
   41.04
   51.21
   28.17
   14.00
   35.19
   36.98
   44.29
   35.09
   28.64
   21.04
   31.55
   25.18
   24.97
   44.50
   28.31
   33.30
   20.36
   24.25
   29.58
   32.08
   30.96
   20.39
   29.75
   35.41
   18.69
   37.60
   26.59
   23.23
   39.72
   24.08
   34.47
   20.82
   25.85
   29.38
   28.96
   18.09
   28.44
   33.38
   30.86
   30.19
   41.91
   21.13
   21.89
   31.61
   34.16
   34.77
   21.27
   35.22
   29.61
   25.32
   44.40
   23.51
   44.07
   31.33
   23.53
   28.40
   20.41
   25.45
   26.96
   35.42
   18.05
   34.64
   20.32
   33.82
   32.74
   17.89
   39.30
   19.08
   23.63
   26.69
   35.75
   32.51
   36.56
   26.70
   23.94
   26.55
   19.39
   29.46
   29.96
   28.99
   30.52
   23.63
   37.10
   28.27
   25.00
   31.43
   29.12
   22.88
   17.65
   28.24
   24.45
   26.36
   27.94
   27.43
   17.83
   31.88
   19.03
   25.39
   29.40
   23.00
   31.03
   32.32
   37.00
   22.89
   22.02
   23.40
   23.65
   44.60
   13.87
   30.06
   31.34
   41.51
   34.18
   34.70
   22.99
   31.06
   34.69
   35.94
   19.95
   23.75
   24.65
   17.81
   21.84
   20.40
   28.66
   22.19
   39.45
   33.60
   26.64
   22.61
   31.66
   39.22
   28.92
   34.90
   17.79
   30.12
   25.07
   28.31
   32.45
   19.41
   36.78
   27.45
   24.42
   33.92
   23.70
   20.38
   19.91
   18.06
   31.10
   30.16
   17.57
   25.64
   28.59
   31.71
   27.26
   34.94
   46.78
   21.04
   40.58
   25.85
   49.18
   26.61
   46.71
   23.10
   33.31
   38.55
   53.17
   27.32
   19.31
   18.63
   35.61
   46.30
   37.72
   45.45
   22.85
   48.97
   53.53
   29.65
   25.90
   42.68
   35.77
   21.42
   35.52
   23.07
   22.04
   45.60
   33.68
   38.42
   29.27
   34.69
   30.50
   45.30
   36.64
   34.29
   24.62
   28.87
   28.05
   46.24
   32.79
   30.16
   33.86
   30.02
   19.92
   18.56
   24.15
   28.26
   23.58
   39.21
   41.99
   27.38
   36.58
   43.62
   21.00
   35.17
   31.24
   29.03
   24.27
   18.47
   32.51
   29.59
   45.99
   26.59
   27.44
   37.62
   24.63
   34.66
   18.91
   45.06
   35.68
   26.61
   46.96
   18.29
   25.66
   25.34
   28.79
   31.34
   40.70
   18.95
   18.45
   19.97
   36.74
   37.93
   27.09
   26.19
   29.31
   16.51
   26.31
   26.98
   31.65
   36.46
   21.33
   49.01
   16.09
   39.39
   37.29
   42.23
   54.17
   34.54
   18.57
   30.48
   11.12
   11.49
   11.38
   41.53
   34.55
   25.93
   26.30
   22.54
   29.58
   43.07
   19.58
   28.77
   48.95
   32.85
   24.98
   19.58
   31.78
   23.34
   15.39
   30.70
   30.72
   29.21
   34.88
   23.84
   32.36
   28.25
   40.80
   29.13
   33.69
   31.61
   17.51
   21.94
   13.15
   22.74
   17.02
   29.63
   19.10
   28.89
   40.82
   32.44
   33.03
   35.02
   28.61
   27.60
   21.13
   27.15
   32.67
   32.24
   30.03
   33.08
   38.96
   31.06
   25.13
   37.16
   22.59
   21.83
   25.36
   36.46
   25.08
   33.36
   40.27
   23.49
   15.24
   38.36
   24.34
   28.78
   40.07
   28.86
   38.52
   22.75
   20.53
   30.37
   31.79
   30.98
   31.36
   12.57
   34.77
   24.58
   26.06
   35.36
   38.83
   20.80
   16.52
   19.10
   27.82
   22.30
   25.93
   36.00
   14.71
   25.27
   24.68
   19.36
   34.71
   19.51
   30.53
   11.96
   24.11
   17.80
   41.51
   27.97
   24.98
   39.30
   21.53
   36.74
   21.24
   32.54
   28.27
   29.48
   26.73
   16.31
   27.10
   29.83
   42.10
   27.36
   23.43
   37.54
   48.11
   30.69
   29.04
   18.77
   25.49
   12.79
   40.13
   24.71
   28.53
   44.97
   26.69
   20.61
   40.56
   26.63
   40.75
   26.89
   37.94
   28.90
   21.11
   32.30
   42.13
   16.47
   18.13
   31.17
   26.11
   50.58
   17.54
   21.83
   56.48
   23.47
   32.14
   29.71
   36.96
   20.46
   22.91
   45.73
   29.20
   34.17
   38.66
   27.85
   18.86
   22.66
   37.83
   37.83
   23.83
   26.51
   17.52
   30.97
   39.97
   43.72
   44.58
   20.00
   30.26
   18.03
   40.75
   18.36
   22.65
   30.66
   20.09
   24.98
   43.01
   16.70
   29.06
   30.82
   40.14
   33.82
   15.79
   22.56
   38.61
   24.89
   24.71
   21.49
   31.79
   30.60
   30.03
   24.13
   19.21
   21.90
   42.48
   34.58
   28.45
   41.64
   24.92
   36.11
   29.74
   19.40
   30.11
   37.95
   51.79
   39.75
   37.56
   14.60
   42.05
   24.73
   31.98
   20.05
   32.50
   17.69
   23.12
   18.06
   28.34
   21.04
   33.76
   35.98
   43.93
   20.71
   25.68
   17.05
   39.25
   33.19
   23.78
   31.22
   30.25
   20.89
   26.17
   16.76
   24.46
   38.49
   19.42
   38.68
   26.34
   29.58
   32.00
   39.93
   44.41
   42.20
   19.74
   40.32
   19.65
   14.09
   29.09
   22.59
   32.69
   16.65
   38.30
   25.45
   31.30
   27.76
   28.22
   40.11
   18.47
   31.72
   26.91
   22.83
   22.90
   26.12
   17.43
   28.23
   18.72
   34.98
   24.26
   29.60
   36.31
   18.73
   24.99
   40.57
   29.34
   20.15
   39.12
   19.55
   24.10
   29.46
   28.51
   30.35
   36.37
   33.98
   32.70
   25.41
   28.18
   19.83
   29.71
   23.71
   34.36
   31.43
   26.88
   29.47
   29.14
   19.45
   31.78
   22.03
   26.27
   37.11
   15.41
   38.95
   22.95
   31.39
   28.09
   29.97
   17.25
   37.71
   16.84
   35.78
   26.17
   19.62
   23.70
   30.01
   27.54
   23.49
   23.04
   19.49
   21.17
   22.47
   23.48
   38.92
   17.60
   17.24
   35.21
   18.31
   27.08
   21.22
   25.47
   25.30
   34.43
   24.99
   29.46
   14.76
   19.52
   19.29
   19.03
   29.15
   23.30
   25.98
   37.44
   22.66
   41.55
   23.04
   20.81
   20.15
   27.54
   27.22
   31.52
   39.69
   31.36
   40.33
   22.85
   16.05
   12.96
   26.33
   19.64
   40.20
   53.33
   34.19
   31.87
   41.89
   41.41
   15.20
   26.15
   50.46
   38.38
   22.27
   43.11
   28.13
   22.26
   30.15
   32.23
   45.22
   21.19
   18.05
   21.32
   32.03
   28.79
   21.38
   18.39
   32.12
   48.70
   24.32
   33.84
   28.83
   25.52
   19.85
   25.80
   15.28
   33.66
   25.50
   36.97
   39.33
   43.69
   29.43
   16.39
   23.80
   27.84
   34.74
   45.95
   20.67
   22.97
   27.68
   33.51
   31.72
   46.71
   24.67
   22.62
   34.57
   25.07
   42.62
   15.33
   39.58
   28.82
   34.43
   39.71
   24.91
   17.79
   23.76
   25.30
   22.96
   26.99
   35.86
   45.29
   28.64
   20.16
   26.75
   33.14
   30.25
   38.41
   18.80
   38.43
   21.29
   28.10
   39.86
   25.02
   38.61
   37.22
   32.07
   43.67
   26.61
   21.30
   31.28
   22.54
   25.88
   21.73
   21.47
   24.90
   35.31
   18.73
   16.32
   29.77
   21.88
   35.45
   29.88
   41.80
   30.26
   29.39
   30.33
   30.53
   27.86
   22.68
   48.84
   31.46
   19.93
   20.56
   20.36
   33.51
   27.53
   33.21
   21.94
   28.85
   30.67
   50.17
   21.06
   24.05
   38.41
   14.90
   29.67
   31.91
   37.54
   40.91
   41.05
   27.09
   33.38
   31.16
   19.33
   14.71
   33.01
   37.95
   23.78
   13.01
   25.97
   26.70
   31.79
   18.46
   30.20
   29.52
   27.24
   26.44
   31.02
   32.35
   33.68
   16.30
   23.56
   26.97
   31.32
   30.69
   22.33
   26.06
   24.93
   36.74
   30.72
   33.72
   26.17
   31.95
   24.93
   13.69
   24.48
   25.21
   32.92
   14.53
   16.38
   25.89
   25.88
   23.86
   18.07
   39.88
   30.16
   36.12
   31.26
   14.95
   34.77
   31.40
   31.42
   22.89
   23.98
   23.29
   30.46
   23.99
   22.09
   36.91
   16.72
   33.31
   36.21
   34.04
   27.37
   24.22
   30.88
   22.02
   27.54
   21.57
   26.39
   16.46
   23.31
   23.37
   31.11
   22.21
   18.89
   37.31
   35.75
   29.11
   21.80
   13.20
   31.86
   42.42
   26.66
   17.96
   26.53
   39.30
   45.45
   16.39
   17.64
   17.86
   30.96
   42.35
   21.56
   41.73
   20.32
   21.19
   44.66
   24.53
   33.98
   16.95
   30.67
   31.11
   29.65
   26.84
   14.28
   23.47
   46.60
   21.48
   39.65
   24.41
   34.46
   32.83
   30.36
   37.50
   19.50
   39.20
   22.83
   31.87
   27.86
   28.15
   35.22
   32.09
   39.60
   34.04
   21.08
   46.87
   32.53
   30.16
   40.63
   36.56
   42.38
   30.41
   43.15
   19.42
   30.30
   22.61
   24.24
   37.24
   29.61
   31.02
   31.66
   28.73
   23.77
   25.28
   24.28
   17.36
   18.21
   20.99
   31.07
   27.87
   34.09
   24.54
   39.06
   37.41
   34.95
   44.61
   24.49
   18.23
   30.88
   26.56
   21.84
   40.45
   25.78
   19.32
   49.78
   22.18
   21.03
   30.96
   27.58
   46.41
   35.07
   46.45
   30.85
   38.60
   27.20
   41.76
   31.94
   28.60
   41.88
   27.75
   25.31
   25.98
   23.54
   37.37
   18.52
   27.46
   17.57
   27.64
   21.72
   24.16
   22.76
   40.68
   25.80
   25.96
   28.19
   35.81
   28.87
   30.27
   34.96
   23.71
   26.74
   39.95
   26.68
   28.79
   37.53
   30.88
   22.43
   20.45
   27.11
   29.66
   16.91
   28.62
   32.46
   46.61
   23.38
   39.63
   18.56
   28.32
   30.10
   30.36
   24.98
   44.76
   36.58
   28.60
   33.36
   32.24
   33.65
   34.42
   45.54
   17.20
   35.25
   18.89
   38.96
   23.41
   30.44
   24.16
   18.34
   47.83
   24.50
   18.91
   29.60
   32.92
   26.96
   27.99
   46.66
   39.31
   24.92
   24.78
   23.38
   41.27
   19.61
   31.96
   32.26
   25.46
   26.79
   23.79
   25.90
   26.19
   19.97
   29.42
   17.33
   32.56
   30.96
   34.69
   21.68
   22.69
   20.75
   31.33
   13.50
   21.17
   16.85
   38.76
   24.20
   26.66
   30.56
   27.01
   20.45
   35.48
   39.14
   37.88
   35.46
   20.92
   18.93
   18.14
   38.38
   26.39
   29.74
   17.96
   22.35
   31.79
   36.56
   32.25
   40.09
   24.60
   18.16
   18.96
   39.58
   37.90
   28.28
   45.69
   40.91
   29.10
   43.49
   17.46
   49.20
   24.01
   21.36
   25.44
   46.49
   21.55
   46.37
   22.91
   23.19
   22.18
   29.88
   35.95
   27.79
   20.50
   36.13
   45.50
   30.98
   30.71
   37.33
   19.35
   32.86
   27.29
   19.37
   33.72
   14.83
   14.97
   41.47
   42.47
   32.11
   31.08
   28.70
   45.34
   24.94
   30.70
   34.01
   24.26
   39.60
   42.42
   30.08
   31.56
   38.96
   23.02
   12.43
   39.24
   37.63
   25.53
   37.68
   25.81
   21.20
   23.69
   47.88
   33.70
   39.76
   31.98
   34.26
   35.69
   49.10
   29.19
   32.88
   26.73
   28.76
   21.93
   41.34
   24.75
   53.47
   18.70
   43.29
   28.13
   23.92
   26.74
   19.28
   30.63
   26.17
   37.87
   29.70
   43.06
   30.56
   36.18
   30.34
   29.58
   50.47
   49.83
   45.23
   32.12
   25.47
   27.40
   25.48
   31.91
   23.44
   30.14
   45.50
   54.82
   22.59
   44.66
   17.30
   19.46
   19.15
   34.20
   35.92
   45.12
   25.95
   29.98
   36.85
   36.40
   40.61
   31.12
   16.36
   31.13
   25.73
   18.41
   33.05
   40.88
   21.39
   23.79
   41.20
   41.18
   35.10
   26.60
   36.88
   22.17
   17.64
   36.02
   27.46
   43.29
   17.40
   37.61
   19.71
   16.72
   30.38
   25.62
   37.53
   22.23
   27.28
   26.38
   22.21
   36.48
   36.11
   23.73
   37.00
   28.32
   39.68
   23.11
   19.07
   18.13
   26.57
   23.98
   30.77
   35.18
   28.98
   25.46
   21.68
   21.11
   33.25
   17.62
   34.51
   27.46
   31.31
   17.02
   39.17
   21.62
   21.28
   36.77
   32.99
   31.30
   32.43
   23.02
   27.73
   29.12
   29.37
   17.76
   27.33
   42.28
   20.29
   32.85
   30.54
   23.02
   22.36
   25.28
   26.25
   34.61
   15.96
   32.86
   42.01
   22.56
   32.67
   25.62
   32.42
   22.74
   22.91
   29.88
   22.18
   40.57
   23.37
   24.84
   30.27
   20.70
   24.60
   22.36
   26.83
   25.18
   21.02
   32.39
   22.43
   17.78
   21.50
   28.28
   26.11
   32.54
   20.57
   17.57
   42.84
   36.95
   27.56
   31.42
   39.77
   36.83
   23.40
   25.72
   21.19
   28.89
   28.58
   44.83
   22.59
   26.04
   35.27
   16.09
   41.71
   29.27
   36.34
   40.18
   25.88
   45.87
   34.06
   30.26
   36.66
   40.95
   37.60
   41.56
   47.55
   43.97
   29.58
   33.12
   33.88
   31.73
   29.86
   21.26
   29.20
   23.73
   19.89
   42.68
   44.04
   27.48
   49.51
   21.18
   30.72
   26.72
   24.90
   37.62
   28.56
   41.34
   31.48
   14.80
   39.48
   40.54
   35.75
   31.35
   20.57
   29.88
   36.36
   24.14
   26.85
   36.31
   24.50
   29.20
   31.34
   34.20
   28.75
   18.52
   26.44
   48.21
   23.38
   34.13
   28.16
   43.16
   37.10
   27.98
   23.15
   41.70
   27.40
   30.01
   60.00
   23.57
   21.35
   32.21
   33.09
   27.09
   28.28
   17.07
   39.50
   18.28
   17.30
   36.10
   31.21
   41.14
   44.81
   28.95
   21.95
   35.33
   21.12
   36.82
   17.96
   33.83
   31.40
   17.04
   34.73
   16.85
   37.96
   34.06
   21.35
   25.94
   30.43
   36.50
   13.87
   38.97
   48.28
   33.56
   23.34
   33.43
   34.86
   34.29
   30.03
   35.12
   30.84
   50.21
   15.29
   35.00
   18.23
   15.42
   15.82
   43.62
   18.39
   25.49
   39.13
   30.63
   24.24
   37.63
   26.22
   37.56
   22.97
   30.78
   31.14
   28.10
   15.50
   25.34
   20.58
   36.75
   30.44
   34.43
   23.02
   29.70
   34.83
   24.25
   35.65
   32.90
   26.94
   15.98
   25.50
   33.46
   28.55
   21.97
   34.71
   27.36
   35.13
   35.96
   29.61
   35.70
   27.80
   18.82
   17.63
   33.25
   38.40
   42.72
   12.62
   34.27
   31.86
   18.79
   27.58
   31.45
   28.38
   22.83
   35.65
   31.74
   35.85
   27.04
   33.56
   22.35
   14.01
   18.82
   39.06
   21.96
   45.87
   26.68
   25.32
   14.10
   37.87
   37.55
   22.66
   28.06
   23.78
   15.78
   15.77
   30.33
   31.63
   27.58
   24.17
   30.92
   27.96
   15.52
   16.66
   34.48
   33.71
   27.51
   28.05
   31.57
   29.09
   42.87
   23.55
   24.69
   38.89
   35.11
   21.62
   40.53
   52.21
   32.55
   53.89
   39.49
   26.59
   16.84
   30.89
   44.14
   21.06
   20.16
   49.44
   34.86
   30.78
   26.22
   40.09
   43.59
   29.28
   33.28
   36.89
   47.45
   38.15
   34.13
   33.37
   42.79
   23.75
   31.26
   32.23
   26.91
   47.29
   21.52
   36.86
   34.34
   20.44
   20.06
   39.52
   33.46
   29.37
   28.28
   39.02
   28.09
   45.57
   43.34
   28.80
   16.91
   25.50
   20.14
   25.51
   24.96
   39.05
   43.05
   46.27
   33.66
   42.25
   39.46
   40.21
   32.24
   25.44
   15.68
   37.27
   28.33
   36.72
   11.14
   24.74
   21.66
   47.77
   18.43
   16.80
   24.93
   25.40
   36.17
   26.34
   25.44
   46.22
   28.60
   18.63
   19.93
   33.36
   29.39
   28.43
   26.17
   25.59
   33.48
   33.11
   31.29
   21.18
   39.54
   23.18
   20.04
   34.03
   41.76
   33.29
   32.28
   28.88
   30.60
   30.60
   35.22
   20.41
   23.34
   28.31
   29.33
   40.38
   41.01
   38.07
   27.81
   20.10
   17.13
   13.55
   36.93
   37.20
   28.06
   27.31
   36.13
   25.34
   16.61
   14.41
   28.69
   22.67
   33.40
   24.47
   29.32
   37.59
   24.35
   20.87
   19.02
   34.09
   30.22
   25.77
   25.09
   25.87
   28.86
   21.58
   19.01
   44.78
   28.05
   28.07
   32.28
   23.31
   22.31
   32.29
   27.82
   24.04
   16.46
   19.52
   42.71
   31.78
   58.02
   30.98
   13.70
   24.49
   36.30
   25.35
   15.34
   37.36
   18.80
   27.52
   25.38
   33.66
   19.37
   28.58
   19.14
   31.05
   27.96
   20.70
   38.81
   15.69
   25.09
   19.83
   36.79
   16.49
   35.86
   18.54
   40.17
   32.12
   30.56
   29.94
   22.06
   19.81
   19.72
   42.69
   36.73
   37.19
   25.51
   21.46
   26.54
   36.23
   24.61
   33.14
   39.26
   36.32
   33.19
   26.59
   21.35
   22.91
   21.15
   35.55
   27.37
   25.55
   25.10
   22.38
   30.58
   38.63
   26.42
   10.95
    8.81
   41.27
   30.33
   16.00
   27.47
   32.77
   19.09
   15.19
   19.83
   18.27
   16.00
   14.97
   25.51
   23.40
   43.65
   19.42
   37.38
   46.32
   19.79
   36.73
   39.38
   23.98
   28.73
   35.81
   39.52
   34.27
   20.93
   29.81
   37.14
   46.62
   30.62
   22.86
   30.89
   45.44
   23.46
   34.34
   53.86
   11.86
   26.83
   22.60
   33.92
   36.66
   55.26
   25.41
   22.88
   29.11
   47.64
   46.48
   16.61
   23.98
   14.82
   30.57
   45.55
   47.45
   32.27
   18.11
   41.61
   25.59
   35.52
   22.56
   32.68
   22.38
   45.23
   25.70
   44.02
   31.29
   17.82
   27.91
   23.30
   27.74
   37.19
   45.50
   24.05
   25.28
   37.84
   36.08
   23.23
   26.79
   15.02
   39.86
   39.13
   20.71
   42.75
   29.28
   20.09
   16.79
   37.37
   30.54
   18.69
   35.69
   20.75
   28.23
   32.76
   24.17
   13.41
   43.26
   36.00
   28.68
   35.92
   37.50
   31.07
   31.16
   41.76
   21.18
   33.01
   14.76
   38.14
   34.10
   25.67
   28.96
   20.11
   36.91
   25.49
   17.02
   28.30
   31.49
   28.46
   22.17
   25.63
   32.05
   25.52
   28.29
   26.47
   27.11
   23.53
   34.92
   18.13
   19.32
   18.41
   36.41
   44.32
   43.50
   44.10
   26.38
   25.37
   28.44
   24.06
   32.78
   23.62
   44.65
   23.26
   23.40
   30.70
   33.55
   22.48
   27.38
   19.62
   34.00
   32.10
   17.81
   24.64
   26.92
   24.85
   29.25
   35.20
   18.40
   18.55
   31.78
   35.67
   22.10
   25.29
   25.36
   37.35
   25.18
   32.44
   35.92
   25.56
   21.47
   31.00
   28.72
   33.62
   33.75
   33.15
   28.31
   17.17
   22.21
   39.52
   22.29
   37.74
   19.59
   28.91
   37.23
   22.01
   25.12
   41.03
   27.36
   21.50
   32.60
   26.80
   24.14
   18.17
   24.48
   28.77
   39.47
   17.82
   34.51
   25.80
   28.51
   32.03
   21.60
   41.73
   26.30
   30.35
   26.71
   24.20
   22.31
   27.80
   26.66
   19.11
   18.95
   13.74
   24.12
   25.34
   31.16
   29.03
   34.80
   24.49
   34.56
   25.63
   26.80
   17.68
   19.49
   20.96
   28.80
   21.54
   46.05
   24.31
   22.20
   26.25
   24.25
   36.34
   31.19
   29.46
   27.55
   38.97
   39.71
   45.35
   28.56
   31.43
   21.29
   23.22
   20.52
   33.69
   23.35
   31.50
   33.95
   37.25
   25.01
   40.00
   34.56
   41.41
   39.05
   17.12
   33.52
   28.78
   36.96
   18.51
   27.42
   30.08
   23.62
   33.17
   51.95
   32.70
   34.94
   16.61
   40.76
   24.55
   21.99
   22.10
   35.66
   27.56
   33.74
   38.66
   50.10
   33.76
   28.23
   33.27
   19.15
   51.74
   40.06
   34.73
   33.12
   22.86
   35.73
   30.78
   20.84
   45.79
   35.94
   40.67
   29.41
   35.60
   23.21
   17.73
   39.91
   19.72
   28.89
   25.27
   37.51
   26.51
   29.20
   25.12
   23.45
   24.07
   29.59
   28.78
   24.67
   41.64
   21.67
   32.99
   24.45
   15.12
   40.77
   29.63
   24.83
   42.94
   29.24
   22.25
   26.00
   27.87
   24.85
   41.02
   41.32
   39.20
   28.97
   20.43
   33.54
   33.95
   26.17
   22.47
   38.57
   30.62
   23.01
   18.97
   35.25
   25.41
   32.80
   35.69
   24.09
   45.95
   35.18
   26.53
   35.94
   34.21
   25.73
   19.42
   29.14
   21.93
   30.46
   17.26
   36.65
   22.27
   29.49
   34.84
   37.66
   19.40
   28.11
   10.79
   26.62
   25.42
   15.92
   37.87
   24.49
   27.59
   29.82
   43.61
   23.87
   31.12
   31.66
   25.45
   36.09
   26.12
   20.21
   28.86
   31.64
   37.87
   38.90
   33.21
   26.22
   27.58
   33.30
   20.67
   20.10
    9.93
   27.07
   24.88
   27.35
   41.66
   21.54
   33.75
   26.55
   28.32
   38.76
   24.60
   40.68
   30.93
   47.66
   28.64
   25.24
   34.22
   30.65
   22.45
   16.79
   40.48
   26.94
   28.70
   37.47
   16.06
   26.72
   25.72
   24.71
   30.20
   34.76
   29.87
   26.75
   32.35
   19.39
   33.30
   17.68
   24.99
   24.38
   29.17
   23.79
   27.29
   15.44
   35.77
   13.77
   19.09
   26.73
   20.08
   27.75
   24.50
   19.65
   25.27
   30.58
   29.69
   26.10
   20.87
   31.45
   37.82
   26.80
   36.99
   20.82
   37.35
   30.71
   48.06
   21.76
   38.11
   29.57
   20.15
   51.14
   42.08
   33.22
   22.17
   25.77
   35.33
   37.72
   21.52
   40.18
   52.02
   31.06
   21.15
   35.60
   33.99
   14.59
   36.96
   43.90
   21.61
   35.93
   29.51
   28.14
   35.07
   42.33
   15.71
   31.05
   33.54
   29.98
   41.55
   32.50
   18.65
   19.80
   25.39
   22.14
   27.36
   32.67
   26.93
   42.20
   50.27
   18.64
   32.31
   28.74
   22.64
   41.57
   32.10
   39.34
   22.40
   31.30
   21.56
   32.50
   27.38
   23.89
   37.40
   34.16
   34.69
   21.30
   35.89
   39.59
   35.38
   21.79
   46.88
   24.37
   24.21
   51.94
   32.44
   30.13
   28.55
   26.81
   29.40
   42.28
   40.84
   31.85
   32.44
   26.43
   20.00
   46.27
   43.84
   20.78
   15.88
   35.73
   31.61
   35.39
   19.65
   26.06
   38.31
   20.18
   26.25
   29.51
   32.35
   36.47
   39.64
   26.47
   35.84
   22.13
   30.75
   26.64
   33.66
   30.49
   31.22
   26.50
   32.00
   41.69
   30.76
   45.24
   27.20
   29.90
   35.44
   27.52
   23.27
   26.58
   24.78
   28.47
   32.91
   27.17
   21.32
   31.36
   21.98
   23.76
   35.43
   24.00
   25.41
   32.63
   19.91
   20.78
   24.88
   22.32
   22.30
   30.32
   19.11
   27.26
   41.36
   39.91
   31.55
   23.78
   26.07
   23.80
   19.95
   30.68
   23.93
   17.25
   29.30
   30.29
   23.93
   30.98
   40.84
   30.91
   21.56
   27.47
   39.39
   28.82
   29.96
   30.76
   30.03
   37.86
   20.79
   27.19
   27.25
   31.69
   38.84
   15.42
   30.34
   25.37
   24.11
   27.57
   26.04
   24.53
   34.04
   29.91
   24.99
   28.98
   40.31
   26.03
   37.22
   15.77
   20.70
   21.11
   26.18
   32.97
   30.44
   34.70
   22.44
   26.28
   33.67
   29.60
   46.65
   24.95
   22.59
   34.71
   40.83
   22.82
   22.99
   28.66
   25.43
   29.56
   20.83
   17.36
   23.69
   24.91
