   20.67
   29.68
   27.68
   23.57
   38.38
   31.44
   39.57
   30.50
   27.81
   32.62
   33.29
   37.62
   19.28
   25.60
   22.58
   12.51
   34.19
   30.65
   30.95
   33.56
   24.74
   40.17
   20.22
   38.00
   27.39
   47.77
   22.99
   22.06
   30.59
   35.41
   16.95
   22.45
   32.48
   35.37
   23.38
   47.80
   23.11
   23.05
   42.44
   29.24
   17.06
   25.45
   36.03
   43.31
   27.03
   19.12
   31.08
   23.88
   24.23
   38.69
   30.33
   27.87
   26.99
   45.43
   38.66
   33.96
   16.76
   16.72
   21.44
   23.03
   30.85
   31.85
   31.45
   33.46
   18.85
   39.51
   35.84
   23.44
   45.76
   32.43
   31.13
   17.32
   28.03
   19.45
   27.17
   34.21
   43.92
   23.38
   33.18
   49.73
   38.23
   35.30
   39.74
   36.33
   27.92
   45.86
   26.93
   32.64
   23.69
   25.41
   30.95
   24.68
   25.22
   25.60
   22.71
   28.90
   41.99
   34.07
   21.20
   47.33
   48.86
   29.69
   37.55
   21.55
   24.44
   33.04
   42.41
   22.25
   16.86
   42.13
   31.80
   21.16
   35.13
   13.65
   13.47
   31.65
   30.14
   26.64
   32.56
   31.26
   28.03
   24.79
   10.55
   45.64
   23.05
   44.93
   38.55
   24.25
   54.67
   11.48
   27.63
   32.94
   37.17
   28.47
   18.23
   27.92
   25.88
   19.08
   22.65
   29.24
   26.35
   51.64
   27.91
   20.93
   36.63
   33.14
   25.62
   44.36
   16.85
   30.63
   24.15
   22.25
   53.97
   13.85
   44.37
   38.35
   34.34
   26.27
   44.32
   26.38
   22.45
   40.24
   42.94
   25.56
   24.79
   23.20
   35.19
   28.79
   28.60
   52.08
   22.93
   46.73
   29.82
   40.26
   21.13
   25.44
   29.83
   36.60
   31.52
   36.55
   20.06
   22.62
   17.96
   46.79
   33.63
   31.53
   31.11
   26.86
   30.91
   27.50
   14.53
   31.69
   33.03
   37.88
   21.11
   14.15
   30.61
   44.42
   35.11
   14.92
   28.25
   37.18
   24.60
   30.32
   37.20
   29.24
   24.51
   16.33
   27.78
   29.79
   23.21
   35.28
   34.03
   25.07
   20.50
   20.56
   12.81
   37.14
   43.69
   41.23
   24.79
   31.18
   31.94
   18.41
   14.68
   23.40
   32.46
   13.94
   26.43
   20.76
   15.08
   19.64
   40.45
   16.56
   32.11
   20.12
   22.76
   18.88
   21.84
   25.42
   21.24
   23.40
   30.41
   23.17
   21.46
   46.27
   31.84
   17.41
   19.99
   11.72
   36.11
   14.45
   35.35
   35.16
   35.99
   32.42
   49.90
   17.24
   34.42
   31.88
   27.31
   23.68
   24.45
   44.14
   21.06
   35.26
   26.69
   37.38
   22.81
   45.17
   24.49
   32.47
   10.75
   19.39
   20.67
   22.03
   30.99
   28.82
   26.53
   14.85
   21.38
   30.59
   24.68
   28.56
   45.07
   25.28
   27.59
   35.45
   28.19
   34.84
   36.01
   28.66
   18.21
   10.86
   36.81
   15.84
   22.30
   30.52
   40.54
   23.77
   28.36
   23.79
   35.03
   37.93
   19.51
   26.94
   34.57
   18.92
   23.91
   47.65
   23.89
   35.46
   23.14
   44.53
   32.14
   30.99
   31.02
   16.64
   34.73
   43.93
   24.23
   16.59
   20.87
   48.23
   27.31
   22.98
   37.69
   27.73
   27.07
   14.41
   38.04
   48.01
   29.42
   29.20
   27.83
   28.02
   25.63
   34.27
   15.97
   38.59
   35.83
   37.75
   31.56
   25.06
   19.32
   18.75
   21.74
   41.03
   33.32
   39.41
   42.61
   19.11
   20.84
   22.79
   31.93
   35.13
   42.66
   25.34
   20.41
   27.41
   34.15
   28.77
   34.56
   43.25
   22.41
   35.93
   39.19
   29.21
   29.50
   51.49
   53.21
   26.00
   26.48
   33.42
   24.31
   24.51
   42.11
   17.44
   25.28
   18.00
   36.58
   34.12
   26.98
   30.92
   37.79
   27.86
   38.27
   37.29
   22.42
   34.96
   40.41
   44.44
   44.51
   21.09
   43.15
   32.63
   38.31
   43.67
   32.21
   29.46
   43.99
   25.81
   24.68
   42.64
   29.07
   33.92
   39.15
   13.18
   30.79
   25.91
   11.98
   15.55
   31.04
   37.57
   35.95
   18.82
   35.11
   31.13
   14.04
   39.81
   39.16
   41.25
   19.39
   24.38
   21.89
   14.17
   24.73
   29.01
   24.05
   33.86
   14.20
   38.32
   35.36
   29.52
   22.81
   29.89
   17.54
   27.34
   14.72
   24.93
   12.37
   31.50
   26.03
   32.96
   25.44
   30.98
   16.30
   21.22
   17.79
   28.02
   24.83
   36.38
   23.38
   31.56
   30.71
   33.81
   17.88
   44.10
   41.93
   17.33
   13.64
   19.98
   25.95
   29.24
   12.76
   28.71
   48.17
   26.94
   37.09
   24.70
   19.84
   16.18
   25.22
   29.40
   26.75
   36.32
   24.34
   21.58
   29.89
   42.62
   15.78
   47.73
   34.48
   34.59
   34.37
   36.89
   21.82
   25.82
   24.20
   12.04
   23.44
   43.14
   22.83
   28.43
   36.33
   38.35
   47.85
   46.11
   18.75
   33.21
   21.51
   26.41
   21.77
   26.65
   40.79
   30.97
   34.68
   19.23
   19.42
   27.84
   28.28
   16.92
   47.16
   24.02
   24.76
   22.86
   32.54
   18.93
   38.76
   20.42
   15.03
   33.37
   30.02
   13.33
   24.15
   27.23
   31.92
   43.23
   32.43
   40.36
   20.29
   30.73
   32.67
   22.03
   23.43
   28.39
   46.68
   33.80
   21.36
   31.06
   42.64
   37.33
   46.10
   35.74
   34.59
   29.19
   25.80
   24.40
   34.72
   22.00
   28.38
   28.39
   20.98
   37.04
   38.57
   32.40
   26.82
   18.00
   33.80
   21.76
   38.84
   35.23
   30.91
   25.22
   20.27
   32.21
   43.21
   17.44
   41.00
   18.38
   32.94
   25.02
   42.73
   33.40
   37.89
   40.49
   46.36
   29.84
   25.53
   16.58
   12.91
   29.92
   41.60
   27.75
   26.79
   37.97
   41.35
   18.23
   46.08
   40.64
   39.97
   50.10
   25.21
   34.81
   41.30
   56.94
   32.71
   22.43
   33.13
   35.56
   29.50
   46.72
   50.98
   42.79
   41.70
   24.00
   38.20
   26.64
   34.12
   24.29
   23.12
   18.35
   24.67
   16.62
   16.85
   28.02
   28.65
   26.27
   28.42
   35.85
   33.20
   31.80
   14.89
   23.21
   16.80
   34.03
   25.61
   33.46
   20.87
   43.85
   32.38
   17.34
   28.97
   19.80
   43.23
   12.34
   16.94
   43.35
   32.17
   26.55
   32.96
   24.27
   34.90
   27.43
   22.73
   22.84
   23.86
   31.60
   16.85
   25.04
   26.51
   39.20
   30.77
   32.58
   29.99
   29.63
   36.73
   20.70
   31.44
   21.47
   17.99
   14.93
   37.25
   33.24
   42.66
   36.48
   25.05
   24.51
   24.19
   34.45
   39.00
   34.93
   25.12
   23.70
   31.18
   31.92
   32.97
   44.80
   23.83
   41.16
   41.28
   28.45
   23.80
   29.49
   30.94
   35.58
   20.16
   31.33
   36.86
   35.30
   23.93
   14.87
   26.44
   27.87
   46.40
   36.97
   12.62
   41.18
   25.59
   36.67
   31.87
   27.77
   31.07
   49.39
   36.11
   34.48
   28.38
   35.64
   18.73
   12.82
   24.35
   33.09
   40.00
   34.62
   27.30
   25.32
   35.44
   23.42
   28.42
   34.24
   39.06
   11.91
   47.01
   25.24
   49.42
   43.32
   25.14
   32.22
   39.67
   39.94
   23.93
   18.82
   17.51
   15.49
   45.35
   25.09
   21.72
   26.31
   30.42
   27.56
   29.95
   46.78
   37.96
   39.56
   28.97
   28.80
   12.48
   40.69
   17.37
   32.60
   38.88
   42.77
   27.62
   21.91
   43.24
   22.74
   27.20
   32.81
   27.21
   23.21
   40.37
   38.18
   49.51
   25.81
   49.42
   45.16
   14.45
   47.58
   45.21
   22.95
   49.02
   37.44
   29.32
   28.73
   37.00
   17.86
   30.95
   26.15
   17.95
   45.91
   45.98
   16.97
   32.97
   27.36
   38.40
   33.96
   39.54
   54.30
   30.28
   26.17
   30.58
   42.14
   35.68
   25.08
   28.25
   36.50
   22.72
   28.42
   29.07
   33.08
   47.63
   41.97
   46.71
   24.18
   26.25
   22.99
   45.63
   39.50
   29.92
   17.78
   18.35
   24.12
   24.06
   27.56
   40.54
   30.97
   19.01
   26.99
   14.89
   24.06
   23.20
   21.50
   20.45
   32.15
   33.55
   35.08
   29.53
   18.50
   21.08
   22.17
   12.18
   41.68
   19.55
   44.36
   24.43
   33.54
   31.52
   20.47
   14.57
   19.43
   30.20
   32.43
   28.14
   42.26
   23.80
   45.15
   34.94
   31.60
   30.19
   32.93
   43.55
   13.19
   29.08
   31.20
   20.23
   28.52
   15.90
   28.54
   21.45
   30.63
   16.33
   27.92
   22.45
   12.88
   32.71
   29.15
   22.07
   36.65
   23.69
   31.41
   21.92
   17.27
   17.62
   27.10
   40.16
   34.01
   33.89
   36.55
   37.05
   33.95
   16.12
   39.03
   21.87
   41.92
   21.44
   35.36
   21.18
   35.29
   27.15
   38.59
   25.11
   28.60
   29.88
   20.02
   30.76
   29.73
   27.12
   28.23
   26.81
   25.36
   26.71
   42.79
   26.00
   29.45
   27.03
   24.30
   24.96
   19.55
   26.01
   27.40
   32.90
   36.35
   27.58
   36.55
   40.91
   25.42
   26.30
   13.48
   13.35
   22.84
   28.89
   19.62
   25.56
   39.50
   25.94
   15.95
   25.28
   14.20
   47.85
   38.05
   24.00
   42.76
   37.53
   35.23
   46.82
   21.07
   22.89
   39.12
   46.45
   39.39
   23.45
   27.51
   30.19
   28.99
   19.53
   24.68
   32.43
   26.08
   16.72
   46.07
   39.59
   22.26
   46.30
   24.96
   22.06
   28.31
   32.72
   41.74
   30.46
   37.79
   14.08
   30.78
   22.78
   27.51
   29.81
   31.56
   26.70
   26.46
   41.80
   25.27
   17.59
   19.05
   27.75
   47.69
   40.04
   27.80
   41.63
   24.39
   20.69
   39.25
   24.70
   36.51
   32.52
   28.91
   31.36
   28.88
   38.47
   33.87
   17.85
   48.94
   35.41
   40.81
   52.63
   27.27
   22.74
   23.16
   18.50
   35.66
   33.70
   33.48
   25.53
   40.96
   25.06
   43.40
   48.31
   33.77
   42.24
   32.32
   31.74
   15.98
   17.52
   24.36
   44.11
   23.66
   44.74
   30.54
   28.37
   14.01
   29.57
   20.25
   20.46
   23.88
   26.44
   12.37
   29.40
   24.71
   30.38
    8.86
   37.00
   27.75
   28.79
   31.87
   20.40
   12.24
   35.35
   24.44
   18.78
   25.36
   26.44
   29.94
   37.63
   13.80
   45.76
   36.00
   19.15
   18.44
   24.00
   21.46
   34.63
   24.32
   41.86
   38.33
   27.61
   25.47
   29.63
   37.69
   17.01
   15.67
   28.99
   17.48
   31.53
   50.24
   19.40
   32.64
   13.10
   14.79
   26.71
   22.74
   28.43
   12.51
   32.89
   35.48
   28.03
   25.81
   33.27
   36.53
   33.80
   25.70
   24.63
   44.24
   35.01
   22.35
   13.09
   40.39
   25.81
   16.21
   17.95
   26.30
   37.43
   22.31
   21.86
   24.33
   33.12
   31.89
   26.16
   35.29
   32.95
   41.07
   39.00
   41.23
   42.38
   37.21
   29.82
   25.42
   18.97
   21.67
   39.17
   26.44
   22.54
   32.51
   30.78
   29.35
   33.78
   39.04
   34.35
   42.30
   26.88
   19.66
   14.20
   39.44
   26.96
   22.00
   23.66
   28.75
   37.99
   19.91
   25.68
   34.85
   33.57
   25.96
   11.06
   52.01
   37.86
   17.34
   41.61
   30.98
   25.73
   43.04
   32.95
   35.69
   15.47
   30.00
   47.58
   22.99
   26.06
   22.70
   31.92
   23.72
   28.10
   32.15
   30.14
   21.49
   49.33
   27.56
   27.91
   19.47
   42.29
   20.51
   31.22
   29.30
   43.56
   30.83
   47.39
   41.29
   25.83
   39.18
   27.60
   44.67
   19.39
   28.01
   34.17
   35.10
   46.23
   34.15
   26.58
   22.27
   49.12
   11.72
   19.67
   38.92
   30.18
   25.57
   25.59
   20.83
   35.62
   17.35
   45.42
   40.58
   16.25
   32.87
   33.60
   34.68
   51.00
   27.19
   33.38
   24.88
   23.03
   34.43
   55.89
   29.65
   31.37
   38.83
   34.44
   15.08
   34.38
   39.43
   28.70
   48.60
   28.77
   21.52
   25.53
   28.92
   29.08
   46.52
   33.14
   26.46
   35.14
   43.43
   26.09
   21.87
   21.71
   35.35
   32.76
   27.28
   26.56
   25.91
   45.22
   30.84
   26.28
   25.90
   20.91
   34.68
   31.06
   15.62
   28.93
   29.36
   27.52
   23.41
   19.13
   29.30
   20.59
   39.57
   29.79
   30.82
   27.74
   23.88
   33.86
   18.36
   27.32
   24.83
   25.36
   32.04
   22.15
   28.87
   29.76
   34.90
   31.63
   22.08
   20.51
   17.86
   40.45
   37.81
   31.22
   41.41
   19.92
   28.63
   30.99
   27.48
   32.70
   19.88
   23.39
   16.49
   35.07
   33.69
   18.74
   31.68
   30.43
   16.90
   54.91
   41.13
   21.74
   15.09
   24.04
   24.36
   21.27
   32.83
   35.41
   40.45
   26.43
   10.91
   37.87
   20.31
   32.97
   21.15
   44.74
   41.22
   24.02
   28.39
   19.61
   35.50
   30.53
   28.65
   25.96
   27.25
   21.53
   30.27
   32.75
   18.75
   53.69
   35.77
   37.58
   19.69
   39.69
   43.39
   38.42
   24.79
   25.79
   42.73
   38.55
   28.51
   30.97
   13.87
   41.77
   22.36
   39.61
   25.63
   18.15
   26.35
   22.37
   29.88
   41.38
   38.13
   34.21
   22.03
   23.97
   26.14
   43.84
   36.18
   35.23
   35.97
   46.66
   43.02
   21.57
   29.20
   42.79
   36.29
   22.81
   36.39
   32.64
   40.61
   44.60
   35.35
   19.53
   19.40
   52.22
   19.45
   29.09
   23.54
   39.06
   14.99
   46.93
   35.72
   18.94
   42.20
   23.08
   36.76
   38.51
   27.46
   29.78
   44.39
   32.06
   34.42
   28.29
   19.97
   38.83
   23.59
   28.34
   39.68
   25.95
   36.09
   32.62
   21.28
   31.52
   24.30
   28.11
   40.17
   39.48
   18.63
   47.32
   34.33
   29.97
   24.56
   18.54
   21.46
   33.25
   18.71
   33.46
   28.15
   41.24
   45.06
   33.21
   19.64
   24.86
   43.70
   32.67
   33.12
   21.82
   40.62
   43.22
   18.77
   33.46
   32.90
   21.24
   40.07
   37.58
   17.24
   23.53
   20.11
   17.61
   25.00
   31.24
   20.60
   45.82
   26.65
   17.97
   11.22
   22.47
   26.27
   30.78
   25.44
   10.65
   22.64
   29.43
   23.29
   31.33
   24.30
   14.85
   19.55
   32.76
   30.40
   20.16
   36.31
   24.33
   21.35
   33.17
   22.12
   30.53
   16.44
   41.18
   37.07
   33.45
   21.40
   25.16
   29.16
   21.01
   43.63
   32.09
   20.52
   30.22
   29.67
   33.15
   26.43
   41.56
   32.96
   27.46
   35.67
   35.98
   24.08
   27.39
   14.04
   25.81
   32.00
   38.39
   32.44
   27.50
   22.00
   35.19
   36.08
   30.06
   34.56
   21.43
   49.99
   32.31
   16.33
   31.26
   31.49
   37.40
   38.15
   33.91
   46.08
   18.16
   29.27
   17.33
   13.80
   36.33
   33.83
   25.21
   29.99
   31.70
   27.82
   41.27
   24.09
   37.93
   26.75
   36.96
   34.70
   30.46
   41.98
   25.48
   27.03
   26.51
   29.96
   29.28
   23.42
   27.84
   15.80
   27.06
   26.60
   20.17
   28.12
   39.70
   24.53
   30.08
   25.45
   40.81
   34.26
   51.43
   26.18
   45.61
   41.01
   27.42
   30.10
   32.39
   31.34
   21.78
   33.60
   27.48
   22.95
   34.57
   25.22
   35.82
   43.18
   42.13
   22.15
   43.28
   25.34
   22.71
   40.12
   27.79
   32.83
   17.77
   25.25
   47.86
   22.79
   43.27
   37.32
   29.38
   32.18
   14.56
   43.29
   28.48
   17.67
   27.06
   26.87
   25.28
   49.38
   39.65
   27.30
   40.38
   35.31
   23.91
   32.81
   35.79
   33.51
   27.60
   45.12
   24.97
   24.18
   34.15
   43.07
   37.33
   49.54
   43.18
   25.67
   22.35
   31.86
   17.94
   43.28
   13.33
   46.73
   33.06
   29.65
   26.97
   25.46
   30.46
   42.35
   26.95
   50.00
   30.28
   25.81
   39.97
   46.94
   26.77
   30.85
   25.71
   32.27
   22.97
   39.06
   18.45
   25.87
   22.29
   31.04
   27.90
   35.83
   16.21
   19.10
   36.37
   48.13
   22.07
   18.07
   21.97
   18.96
   14.21
   21.35
   22.98
   22.01
   29.06
   41.34
   25.47
   19.92
   34.63
   36.30
   22.43
   34.05
   37.82
   33.68
   35.92
   32.99
   33.12
   18.90
   19.85
   27.06
   26.14
   32.99
   31.62
   26.00
   33.77
   29.61
   32.20
   22.12
   26.55
   29.02
   52.31
   43.66
   17.00
   32.81
   31.21
   36.74
   27.24
   13.10
   36.65
   19.70
   21.47
   30.72
   24.43
   23.08
   23.78
   32.33
   32.50
   28.75
   26.07
   25.27
   21.20
   17.80
   27.94
   39.91
   25.63
   37.75
   22.08
   22.60
   32.35
   33.70
   34.39
   10.80
   21.04
   36.82
   27.53
   29.99
   24.19
   22.75
   26.73
   33.59
   26.68
   24.83
   32.17
   18.87
   28.79
   36.02
   24.02
   33.21
   40.67
   21.79
   30.67
   10.86
   34.04
   21.29
   24.56
   21.21
   30.54
   37.85
   35.64
   24.89
   29.05
   30.25
   17.56
   32.58
   40.06
   34.77
   35.72
   33.44
   41.85
   33.73
   38.16
   25.66
   62.58
   32.78
   30.41
   37.63
   36.18
   41.87
   36.66
   21.50
   12.61
   22.12
   29.05
   25.33
   29.58
   27.75
   38.34
   41.71
   36.22
   37.72
   30.24
   26.51
   18.55
   39.69
   11.70
   20.17
   38.27
   48.07
   31.05
   41.49
   37.77
   14.42
   17.71
   23.82
   18.34
   44.87
   34.38
   22.54
   43.65
   29.56
   40.58
   39.03
   25.94
   21.85
   21.52
   55.42
   38.19
   32.86
   28.03
   36.50
   18.70
   15.19
   41.92
   42.14
   46.95
   23.43
   29.23
   46.11
   46.28
   32.51
   19.97
   35.90
   44.76
   13.33
   13.53
   39.33
   40.74
   47.22
   20.89
   31.68
   36.48
   28.43
   20.33
   20.99
   29.82
   10.74
   43.04
   24.87
   26.64
   31.98
   24.32
   15.60
   49.20
   23.03
   19.36
   31.11
   34.30
   30.67
   23.34
   37.42
   25.92
   42.82
   26.53
   27.51
   44.88
   39.53
   38.22
   29.32
   34.27
   37.98
   22.62
   33.29
   28.98
   33.40
   29.04
   20.02
   31.94
   17.60
   20.17
   24.09
   27.94
   42.60
   25.56
   25.88
   24.11
   30.34
   24.28
   23.28
   24.45
   19.95
   18.95
   41.48
   33.67
   27.68
   23.12
   23.20
   35.25
   20.27
   20.68
   40.47
   21.14
   20.69
   31.22
   20.03
   33.38
   22.68
   43.92
   30.27
   20.63
   31.46
   34.57
   36.85
   17.61
   29.88
   27.71
   32.87
   21.87
   36.97
   25.11
   34.55
   37.10
   19.62
   20.19
   37.18
   26.67
   18.87
   15.16
   40.03
   17.31
   17.55
   18.49
   30.49
   37.95
   26.85
   27.11
   25.45
   30.88
   35.58
   28.59
   27.31
   22.31
   35.26
   17.12
   25.13
   17.33
   29.21
   26.64
   31.23
   19.40
   18.36
   29.08
   14.57
   27.19
   28.00
   32.48
   43.70
   36.93
   24.74
   25.91
   31.82
   30.27
   29.22
   23.40
   25.35
   30.28
   19.82
   27.81
   50.61
   25.51
   37.40
   37.06
   15.46
   36.64
   28.74
   37.18
   19.43
   22.77
   24.98
   47.47
   26.52
   20.85
   20.65
   32.46
   34.80
   32.74
   50.81
   32.24
   31.13
   29.71
   18.00
   42.48
   16.55
   39.86
   51.90
   38.18
   17.28
   12.93
   20.78
   45.69
   15.17
   30.55
   28.92
   36.88
   18.90
   33.63
   32.37
   23.70
   36.70
   31.49
   33.83
   26.85
   27.99
   36.37
   24.54
   26.03
   30.32
   29.80
   41.07
   15.00
   27.37
   22.47
   39.52
   30.16
   43.98
   30.10
   24.08
   29.66
   38.65
   18.86
   26.28
   37.71
   52.01
   27.06
   48.22
   29.42
   34.39
   31.35
   40.69
   28.56
   30.17
   37.86
   25.96
   47.65
   28.74
   45.98
   44.57
   31.95
   35.64
   40.20
   36.11
   36.15
   21.54
   45.29
   31.57
   39.16
   20.49
   43.80
   49.50
   41.50
   51.98
   23.13
   47.16
   47.73
   50.06
   29.58
   18.03
   41.20
   27.06
   28.22
   23.20
   28.34
   33.57
   19.04
   25.36
   27.69
   68.25
   41.77
   28.10
   26.44
   20.94
   30.26
   25.48
   16.95
   24.35
   17.50
   34.76
   13.77
   12.76
   27.63
   23.23
   18.19
   30.05
   31.74
   32.17
   39.52
   26.88
   30.93
   18.65
   38.07
   23.93
   25.15
   27.54
   25.08
   27.61
   31.37
   35.00
   39.40
   28.65
   13.37
   24.92
   24.88
   19.35
   15.99
   21.09
   24.85
   23.97
   38.69
   41.13
   47.82
   26.51
   19.63
   46.21
   30.56
   22.12
   15.46
   25.20
   36.59
   19.73
   20.16
   23.14
   40.67
   31.99
   47.44
   28.19
   37.54
   35.72
   31.13
   22.62
   18.96
   20.52
   32.56
   22.28
   44.03
   45.33
   29.55
   39.16
   28.41
   44.56
   15.97
   23.68
   48.27
   32.31
   37.65
   23.28
   25.69
   43.72
   24.37
   41.69
   28.42
   13.10
   22.28
   33.46
   31.78
   33.37
   29.78
   23.26
   41.88
   47.70
   23.96
   22.54
   22.57
   30.34
   22.75
   23.91
   43.22
   29.64
   17.67
   30.78
   35.40
   30.29
   40.08
   17.05
   27.49
   46.75
   22.58
   11.39
   44.02
   38.35
   28.11
   27.62
   42.64
   22.36
   25.67
   38.25
   25.01
   29.10
   36.22
   12.61
   18.19
   28.20
   19.95
   29.69
   14.88
   23.75
   37.33
   35.63
   27.10
   39.23
   33.30
   19.81
   29.19
   21.36
   33.60
   24.91
   49.13
   22.91
   45.88
   27.98
   30.52
   21.98
   17.86
   38.28
   47.48
   32.25
   12.46
   40.89
   22.38
   50.69
   24.40
   38.07
   32.82
   35.94
   48.33
   43.63
   36.82
   16.24
   26.22
   29.11
   22.07
   39.94
   30.58
   32.51
   29.56
   23.45
   37.09
   16.44
   20.84
   47.74
   16.10
   47.08
   21.43
   24.98
   18.42
   37.69
   42.39
   15.58
   41.11
   48.37
   17.87
   44.03
   25.04
   29.27
   45.37
   46.19
   25.62
   24.63
   34.48
   22.91
   27.83
   16.52
   22.59
   33.48
   38.26
   19.55
   23.20
   31.99
   26.44
   26.80
   28.14
   32.08
   27.21
   21.97
   33.41
   25.53
   11.51
   45.77
   20.09
   26.72
   15.72
   27.72
   33.47
   25.14
   13.26
   22.83
   28.06
   17.09
   19.24
   27.79
   21.06
   26.19
   25.56
   32.35
   19.30
   28.47
   26.63
   17.39
   26.04
   41.39
   20.57
   26.24
   34.57
   23.90
   32.70
   31.63
   29.25
   38.23
   33.59
   24.70
   24.47
   15.66
   32.66
   26.96
   45.59
   23.79
   29.83
   19.72
   31.52
   32.32
   32.96
   25.74
   17.36
   19.13
   39.30
   12.78
   24.63
   25.89
   31.11
   12.25
   31.89
   21.21
   12.51
   23.33
   46.98
   28.79
   20.24
   27.67
   20.11
   17.99
   27.21
   38.25
   43.29
   28.44
   28.60
   37.94
   40.60
   32.09
   31.36
   32.36
   23.59
   34.00
   20.37
   33.95
   33.15
   36.25
   18.22
   30.40
   27.63
   26.76
   25.58
   29.13
   43.80
   20.21
   29.87
   15.33
   29.94
   25.57
   45.02
   30.97
   27.34
   12.92
   34.79
   23.82
   15.87
   36.16
   20.46
   43.25
   47.81
   30.96
   24.30
   33.03
   33.09
   51.57
   38.18
   44.29
   32.02
   33.84
   13.63
   35.51
   24.85
   30.24
   31.56
   27.30
   47.81
   22.95
   28.82
   15.35
   47.79
   50.99
   53.19
   26.09
   32.83
   28.46
   23.85
   33.89
   23.39
   32.51
   24.49
   29.79
   15.73
   43.15
   25.81
   25.94
   15.18
   31.60
   15.13
   48.66
   48.99
   41.95
   42.54
   29.40
   25.47
   20.26
   48.20
   28.50
   44.79
   22.50
   43.64
   37.95
   29.55
   23.62
   44.77
   48.70
   41.36
   23.08
   34.40
   55.29
   27.75
   33.29
   24.74
    9.15
   37.81
   25.18
   21.55
   42.87
   35.60
   29.14
   33.47
   26.76
   50.70
   40.04
   39.03
   15.01
   31.77
   38.12
   30.24
   44.62
   17.26
   37.07
   41.30
   37.28
   30.56
   33.89
   23.68
   27.08
   48.35
   40.39
   21.47
   15.33
   37.70
   12.08
   23.45
   33.68
   34.47
   26.78
   27.32
   21.03
   19.72
   12.66
   41.02
   24.54
   30.84
   19.80
   51.12
   25.09
   34.39
   27.00
   22.57
   39.18
   23.99
   20.50
   28.33
   18.75
   28.12
   20.34
   34.04
   33.13
   11.77
   34.35
   25.62
   22.71
   34.59
   32.76
   19.71
   39.22
   23.44
   35.41
   29.65
   20.90
   16.53
   37.84
   33.94
   26.84
   22.74
   13.23
   31.40
   27.92
   40.12
   29.77
   33.72
   24.86
   20.16
   39.59
   25.14
   22.17
   34.51
   24.46
   20.25
   36.72
   25.03
   22.00
   31.16
   23.22
   25.81
   21.76
   28.94
   27.37
   19.73
   43.88
   25.39
   34.37
   34.38
   35.59
   41.69
   26.70
   23.05
   34.83
   26.34
   24.83
   26.70
   21.64
   33.99
   42.14
   28.01
   49.08
   32.88
   16.57
   34.46
   35.25
   24.27
   29.78
   34.31
   22.60
   25.60
   39.40
   32.53
   36.89
   16.40
   15.68
   50.57
   35.16
   27.19
   35.27
   14.99
   24.62
   25.40
   20.88
   17.69
   16.26
   10.84
   18.08
   13.98
   25.06
   44.14
   23.92
   47.86
   16.21
   30.66
   17.37
   45.70
   13.33
   34.91
   14.88
   24.42
   27.85
   45.70
   19.98
   25.64
   24.13
   42.74
   21.94
   54.90
   38.16
   33.79
   29.86
   23.25
   26.14
   17.69
   46.10
   26.44
   48.36
   46.12
   49.03
   51.16
   18.28
   34.12
   23.73
   17.66
   18.03
   27.35
   38.53
   14.18
   22.51
   24.46
   44.32
   49.04
   34.14
   28.44
   40.37
   15.58
   37.31
   19.00
   45.34
   24.46
   25.32
   15.91
   47.04
   16.53
   29.35
   39.57
   41.70
   27.46
   29.32
   21.41
   42.69
   34.74
   18.69
   22.92
   35.12
   39.47
   22.09
   31.66
   32.84
   19.89
   21.86
   35.91
   44.22
   26.08
   24.46
   32.58
   40.98
   24.34
   24.51
   50.38
   25.95
   25.04
   39.20
   27.22
   49.66
   52.77
   25.16
   23.42
   49.34
   39.28
   29.52
   34.36
   23.14
   25.46
   26.79
   27.42
   20.39
   54.56
   30.71
   17.57
   31.21
   50.13
   34.10
   24.22
   21.83
   27.43
   20.78
   34.53
   22.89
   28.83
   18.48
   24.52
   23.45
   36.21
   20.89
   32.54
   28.95
   24.90
   18.16
   38.12
   27.11
   31.73
   21.66
   16.43
   27.91
   39.55
   32.84
   52.27
   35.07
   35.20
   16.04
   31.87
   23.51
   26.95
   16.10
   20.92
   20.88
   28.80
   24.67
   10.64
   29.54
   27.35
   13.72
   46.21
   17.03
   23.12
   23.88
   13.96
   23.53
   30.08
   16.08
   35.78
   40.76
   31.42
   11.71
   24.20
   35.20
   36.47
   38.48
   17.87
   28.60
   45.00
   25.45
   17.72
   36.16
   19.42
   26.18
   16.34
   32.87
   20.86
   24.76
   17.67
   41.60
   40.52
   41.87
   28.78
   21.21
    8.68
   19.77
   27.46
   35.78
   36.14
   25.28
   20.49
   28.92
   22.34
   24.24
   25.08
   24.02
   11.67
   40.80
   43.87
   26.58
   36.72
   29.93
   20.86
   14.76
   19.13
   24.81
   34.49
   22.66
   34.99
   28.12
   14.04
   26.98
   27.58
   27.68
   39.87
   36.04
   24.89
   47.65
   33.62
   38.74
   16.10
   47.39
   31.66
   42.92
   19.18
   13.37
   32.20
   21.12
   40.71
   32.54
   45.98
   36.71
   34.75
   19.95
   19.98
   19.45
   17.35
   24.67
   22.81
   29.39
   26.14
   48.66
   16.89
   28.94
   28.83
   24.48
   23.45
   28.88
   29.20
   23.90
   30.66
   43.57
   26.99
   25.86
   28.79
   32.34
   43.56
   44.24
   16.01
   40.09
   42.58
   39.71
   46.59
   19.26
   29.85
   21.12
   21.93
   46.10
   37.97
   27.23
   35.37
   37.43
   24.23
   34.50
   19.34
   17.78
   30.06
   49.24
   32.16
   29.58
   26.88
   25.33
   36.99
   22.12
   30.91
   32.13
   20.97
   40.88
   39.51
   46.13
   42.49
   28.94
   14.58
   33.64
   28.37
   26.04
   39.92
   19.53
   21.90
   22.26
   15.79
   28.98
   22.32
   20.88
   41.98
   23.16
   22.98
   19.74
   19.33
   22.54
   39.09
   21.98
   39.75
   23.98
   29.26
   14.65
   20.27
   32.20
   29.41
   43.25
   20.49
   26.94
   31.43
   25.55
   16.34
   31.53
   36.64
   19.57
   33.08
   21.53
   12.39
   20.88
   24.61
   12.75
   21.26
   29.58
   30.60
   24.33
   22.03
   43.06
   30.60
   25.75
   15.81
   25.34
   31.44
   34.53
   36.96
   26.22
   27.04
   17.63
   39.58
   34.23
   24.72
   24.00
   16.47
   23.80
   26.17
   24.38
   38.57
   40.69
   28.37
   33.16
   21.45
   18.69
   24.00
   27.07
   18.80
   22.33
   37.61
    9.40
   40.19
   33.44
   44.80
   47.35
   25.80
   43.70
   28.29
   31.85
   40.46
   28.52
   26.16
   26.38
   29.03
   30.96
   19.53
   25.28
   27.07
   12.93
   29.27
   28.92
   26.81
   25.45
   27.84
   22.27
   21.89
   42.45
   16.46
   39.15
   29.21
   29.67
   33.73
   29.37
   26.92
   24.09
   40.04
   36.77
   26.39
   43.10
   30.86
   28.22
   43.10
   32.07
   26.43
   36.04
   20.41
   19.32
   36.46
   25.70
   18.47
   38.53
   31.70
   49.09
   23.50
   41.56
   30.05
   22.88
   39.77
   29.51
   40.35
   24.89
   32.97
   19.45
   23.56
   39.89
   45.24
   19.69
   31.33
   29.19
   45.29
   30.84
   40.85
   32.25
   29.07
   27.72
   26.38
   25.08
   39.36
   29.36
   36.46
   42.05
   10.07
   46.87
   28.31
   25.52
   47.97
   32.77
   25.11
   13.10
   24.90
   47.18
   39.88
   30.82
   28.49
   18.25
   32.72
   39.41
   30.13
   42.09
   43.92
   25.87
   18.69
   29.56
   23.35
   26.11
   27.45
   46.09
   26.57
   36.23
   29.80
   31.62
   45.18
   38.70
   40.34
   28.21
   34.67
   24.45
   18.76
   22.09
   44.49
   33.53
   26.82
   29.49
   25.00
   23.85
   20.52
   35.20
   28.63
   44.13
   53.21
   31.15
   30.45
   44.69
   38.95
   34.63
   20.06
   16.99
   40.65
   18.38
   20.38
   15.81
   31.57
   31.67
   28.44
   33.85
   40.16
   37.40
   18.90
   16.76
   31.40
   15.38
   25.14
   22.91
   20.15
   30.04
   28.69
   36.00
   34.58
   31.66
   23.02
   27.37
   35.35
   22.74
   27.60
   31.57
   39.87
   32.66
   31.33
   15.84
   30.50
   11.49
   36.18
   32.28
   35.73
   20.51
   22.32
   44.84
   30.48
   14.02
   21.64
   19.04
   27.02
   41.91
   26.56
   44.20
   34.10
   23.13
   26.48
   33.52
   25.39
   35.03
   27.03
   20.59
   24.77
   17.67
   33.97
   27.06
   40.46
   19.53
   28.44
   24.61
   29.66
   45.49
   42.33
   31.36
   31.53
   40.28
   23.83
   20.57
   23.69
   21.08
   36.36
   32.73
   26.64
   25.16
   11.02
   34.76
   13.57
   29.08
   23.79
   39.26
   23.06
   34.89
   31.54
   43.19
   36.35
   29.88
   31.95
   27.03
   31.68
   26.23
   45.64
   23.06
   38.68
   16.20
   18.57
   40.17
   25.90
    9.74
   14.02
   26.01
   36.07
   15.88
   23.63
   14.60
   35.52
   28.73
   31.60
   25.58
   32.91
   37.63
   18.00
   22.98
   32.41
   46.44
   27.48
   15.38
   32.60
   30.31
   22.69
   37.20
   21.94
   23.16
   26.11
   29.91
   30.47
   44.20
   41.29
   35.90
   17.99
   20.00
   18.56
   42.84
   38.28
   22.08
   28.43
   20.38
   27.23
   30.94
   36.03
   18.13
   25.47
   42.94
   34.43
   62.12
   39.97
   34.97
   27.49
   24.70
   11.62
   35.21
   52.81
   38.86
   20.70
   41.37
   28.96
   46.55
   47.87
   33.53
   34.05
   30.58
   33.39
   22.27
   22.13
   37.37
   41.44
   37.47
   27.83
   20.34
   32.18
   38.62
   25.04
   53.60
   34.81
   41.45
   36.49
   32.23
   41.14
   26.36
   24.62
   38.36
   15.94
   28.08
   30.12
   40.84
   33.53
   27.17
   13.42
   30.58
   28.27
   31.24
   12.48
   26.88
   22.32
   20.12
   23.38
   11.82
   28.69
   27.01
   21.58
   11.56
   38.35
   17.56
   21.23
   25.09
   34.04
   31.50
   24.05
   26.26
   13.43
   20.96
   38.55
   37.41
   25.48
   32.66
   25.55
   23.77
   13.05
   32.17
   20.51
   24.13
   27.21
   24.25
   17.17
   35.39
   33.29
   19.97
   38.76
   23.85
   18.19
   29.61
   25.63
   29.95
   33.82
   25.89
   23.17
   27.02
   29.05
   22.21
   18.79
   38.39
   28.92
   39.27
   34.12
   18.73
   17.29
   29.12
   20.90
   21.63
   28.18
   27.78
   21.98
   18.93
   24.99
   33.65
   21.05
   45.05
   25.47
   20.82
   40.50
   19.67
   31.86
   31.57
   17.56
   16.96
   23.07
   22.19
   24.53
   36.49
   29.12
   33.29
   33.86
   28.60
   35.16
   39.22
   34.77
   24.10
   20.87
   21.85
   31.91
   27.25
   20.63
   44.34
   21.43
   30.86
   38.81
   20.72
   34.01
   34.94
   30.93
   41.40
   42.34
   39.53
   37.70
   33.02
   28.93
   38.72
   35.01
   29.25
   43.76
   26.46
   28.91
   34.27
   18.59
   24.08
   30.27
   24.19
   40.34
   37.38
   38.10
   17.15
   26.24
   32.77
   35.05
   43.98
   25.65
   23.74
   32.75
   30.26
   29.90
   37.71
   20.20
   12.00
   27.27
   48.83
   26.65
   30.90
   26.79
   27.26
   30.01
   19.50
   23.12
   52.59
   50.58
   30.99
   21.90
   29.68
   18.66
   37.83
   24.40
   32.30
   39.52
   19.44
   21.45
   14.14
   23.74
   30.07
   20.76
   33.39
   60.35
   23.00
   17.39
   27.43
   46.43
   39.32
   21.85
   25.77
   26.73
   53.28
   37.78
   42.18
   40.95
   38.44
   41.24
   31.04
   28.11
   32.91
   35.96
   38.21
   18.31
   23.12
   40.19
   25.75
   32.05
   12.89
   19.39
   52.75
   20.72
   44.25
   24.64
   30.39
   19.68
   32.85
   24.46
   32.22
   16.20
   13.91
   32.90
   53.22
   36.11
   57.21
   15.75
   23.19
   19.75
   33.56
   40.01
   41.53
   36.65
   23.71
   48.91
   24.83
   22.55
   50.03
   26.51
   33.57
   29.16
   34.34
   25.10
   20.29
   18.77
   19.72
   29.15
   29.92
   38.21
   25.13
   31.04
   35.99
   18.64
   27.18
   40.52
   16.81
   25.33
   21.65
   33.70
   38.82
   22.58
   33.80
   41.40
   36.04
   45.21
   27.82
   18.71
   17.41
   35.78
   25.62
   42.15
   30.23
   30.08
   26.38
   23.85
   20.56
   22.15
   32.05
   40.78
   22.79
   41.97
   34.87
   36.22
   39.19
   37.64
   34.38
   14.19
   29.28
   18.07
   17.69
   32.74
   21.96
   30.60
   41.17
   28.69
   19.45
   20.78
   31.66
   27.54
   37.69
   31.69
   30.42
   38.17
   13.19
   32.75
   17.44
   30.77
   32.87
   25.52
   36.00
   39.66
   15.48
   44.23
   24.14
   46.13
   18.48
   25.58
   51.38
   38.96
   22.94
   18.56
   16.21
   25.28
   36.41
   24.85
   24.03
   34.88
   20.11
   32.03
   23.93
   21.61
   37.91
   27.63
   26.07
   17.50
   44.07
   45.61
   15.83
   35.49
   24.75
   26.98
   22.37
   22.98
   27.19
   21.65
   34.24
   25.56
   36.75
   22.41
   45.76
   52.34
   37.92
   37.53
   38.32
   24.73
   20.15
   23.58
   27.85
   25.63
   41.73
   23.26
   25.70
   41.98
   26.39
   34.38
   33.01
   33.76
   46.20
   14.56
   37.81
   25.21
   30.05
   30.25
   16.25
   28.02
   31.06
   32.91
   35.06
   18.92
   35.66
   30.73
   22.90
   26.92
   13.85
   42.39
   31.71
   19.43
   41.56
   47.28
   35.32
   32.34
   38.22
   42.40
   28.94
   29.60
   26.03
   22.95
   37.41
   32.23
   26.79
   20.38
   30.40
   19.06
   35.96
   38.61
   39.45
   26.05
   34.64
   44.51
   30.46
   26.72
   42.51
   16.53
   43.76
   27.12
   23.03
   36.69
   43.99
   40.81
   44.38
   30.57
   29.28
   21.77
   41.57
   21.54
   40.19
   24.59
   43.08
   47.12
   26.53
   25.34
   46.35
   27.24
   31.09
   27.61
   43.57
   31.22
   25.79
   19.43
   22.80
   49.15
   24.20
   20.99
   38.45
   22.98
   35.52
   30.80
   19.91
   25.53
   13.40
   14.42
   20.72
   36.07
   22.72
   25.22
   21.83
   25.25
   22.65
   23.51
   33.71
   23.81
   24.22
   25.46
   25.04
   32.74
   25.68
   35.75
   25.55
   13.99
   27.66
   21.66
   22.29
   33.32
   47.06
   29.39
   24.56
   30.47
   36.17
   32.13
   21.80
   16.57
   35.50
   39.65
   39.42
   30.20
   29.94
   27.47
   13.70
   34.51
   33.52
   22.32
   25.17
   19.86
   29.84
   19.44
   36.23
   40.11
   22.55
   24.41
   20.26
   17.89
   45.40
   27.90
   20.56
   31.26
   36.46
   42.52
   32.76
   37.85
   18.84
   12.95
   12.32
   37.09
   24.82
   37.98
   20.85
   55.01
   41.12
   33.76
   24.76
   30.13
   29.94
   32.15
   29.24
   22.58
   32.73
   19.56
   18.14
   23.11
   39.38
   30.35
   23.67
   38.45
   29.13
   26.34
   16.50
   39.57
   32.87
   38.85
   42.41
   29.02
   36.82
   25.97
   16.96
   24.72
   39.26
   28.98
   21.87
   26.77
   22.07
   26.87
   22.52
   24.22
   39.89
   35.28
   46.09
   59.42
   26.05
   30.15
   31.80
   18.29
   36.30
   34.30
   27.14
   17.52
   18.54
   31.00
   29.62
   20.97
   35.34
   31.10
   42.65
   33.44
   32.81
   16.49
   38.82
   17.96
   35.78
   30.30
   37.46
   29.92
   39.06
   33.23
   30.54
   26.77
   35.13
   35.91
   27.42
   33.06
   32.41
   50.35
   25.53
   27.49
   40.04
   25.52
   27.71
   17.81
   39.93
   39.10
   35.19
   34.86
   35.73
   29.53
   14.89
   32.44
   30.32
   19.50
   19.38
   24.01
   18.03
   23.22
   42.81
   23.61
   25.15
   21.40
   23.46
   33.05
   28.41
   28.49
   29.37
   10.69
   44.49
   16.24
   28.41
   23.57
   33.18
   35.76
   37.86
   27.89
   46.68
   34.39
   14.03
   40.53
   30.09
   30.86
   37.92
   45.19
   10.45
   25.00
   36.67
   39.60
   37.52
   57.09
   37.23
   25.56
   26.95
   24.44
   42.79
   42.67
   28.25
   32.20
   39.16
   27.63
   30.88
   32.78
   32.73
   34.15
   14.00
   23.92
   26.63
   30.83
   13.65
   30.34
   46.61
   38.32
   23.42
   27.95
   32.36
   25.78
   19.14
   27.23
   31.30
   39.95
   22.85
   13.53
   11.90
   20.72
   37.46
   16.92
   19.15
   32.56
   16.53
   21.95
   24.38
   20.21
   23.24
   18.44
   19.56
   27.18
   46.23
   29.12
   20.57
   23.73
   21.37
   39.33
   24.95
   17.65
   26.32
   39.98
   37.69
   20.57
   24.80
   33.56
   26.04
   27.31
   10.60
   22.81
   39.95
   28.27
   35.50
   35.61
   33.09
   29.28
   26.81
   14.81
   38.31
   32.23
   18.84
   29.73
   28.91
   27.12
   22.43
   18.02
   29.50
   33.18
   24.67
   23.56
   18.10
   29.82
   36.52
   19.34
   39.01
   13.89
   29.77
   38.96
   23.69
   22.70
   43.51
   23.08
   32.49
   18.78
   24.95
   48.33
   25.06
   23.34
   20.27
   30.93
   15.37
   45.24
   29.92
   10.27
   27.42
   28.03
   23.67
   32.86
   43.32
   35.99
   35.41
   49.46
   24.91
   36.14
   20.57
   26.59
   44.37
   26.49
   40.46
   28.04
   31.86
   46.43
   27.93
   28.45
   26.34
   39.15
   18.99
   25.47
   36.86
   40.34
   31.72
   33.40
   32.87
   26.89
   22.24
   23.79
   21.81
   35.02
   28.01
   19.10
   22.75
   21.85
   40.36
   24.37
   16.52
   27.70
   37.18
   38.40
   32.55
   38.10
   23.01
   23.84
   45.95
   30.33
   40.20
   23.71
   34.18
   51.05
   32.12
   23.07
   30.95
   25.56
   24.40
   42.72
   26.36
   20.43
   13.86
   42.72
   38.26
   24.07
   21.91
   26.16
   37.01
   27.09
   22.65
   30.21
   22.83
   25.36
   41.73
   17.98
   16.76
   16.40
   32.14
   40.49
   21.25
   24.36
   38.24
   29.43
   27.74
   19.70
   39.35
   45.05
   16.81
   36.27
   22.89
   14.54
   47.79
   15.10
   39.93
   39.49
   33.81
   20.64
   27.17
   20.98
   32.25
   16.59
   14.29
   29.30
   34.61
   50.62
   16.43
   43.34
   45.73
   33.53
   22.47
   24.91
   24.81
   21.98
   24.67
   42.27
   18.54
   29.28
   26.28
   28.63
   34.46
   16.89
   56.63
   38.24
   23.81
   39.15
   20.55
   31.06
   38.07
   25.96
   34.18
   25.45
   18.78
   24.14
   25.31
   24.46
   31.17
   16.70
   29.09
   27.04
    9.69
   29.14
   20.42
   24.23
   26.88
   38.14
   32.00
   21.65
   34.61
   21.41
   22.39
   29.58
   23.16
   21.31
   29.48
   35.69
   14.76
   29.56
   37.29
   29.98
   22.45
   19.28
   20.38
   15.53
   24.13
   29.91
   27.40
   24.21
   47.90
   25.88
   34.08
   29.00
   33.80
   29.22
   18.94
   40.00
   27.19
   14.81
   22.62
   30.98
   22.24
   42.94
   19.48
   21.83
   41.23
   38.57
   30.06
   33.27
   21.98
   27.55
   26.82
   18.05
   44.20
   16.25
   29.67
   46.23
   26.57
   44.13
   46.26
   20.55
   45.44
   32.24
   27.50
   37.47
   14.12
   28.13
   24.54
   39.13
   41.28
   35.80
   42.32
   32.27
   30.93
   15.78
   31.33
   13.94
   31.40
   31.15
   27.74
   18.82
   16.56
   20.48
   43.36
   37.53
   47.31
   24.53
   24.99
   39.45
   33.87
   23.30
   51.19
   34.45
   11.95
   28.93
   27.59
   43.84
   15.23
   24.68
   44.97
   45.51
   10.78
   19.01
   38.10
   20.95
   12.88
   23.21
   34.56
   20.29
   33.87
   52.57
   36.52
   20.41
   28.51
   38.11
   24.76
   23.49
   19.81
   49.12
   17.00
   28.14
   42.21
   19.54
   25.19
   16.65
   25.77
   45.38
   31.33
   31.52
   40.65
   33.81
   23.36
   23.34
   31.88
   43.58
   28.49
   30.56
   13.43
   43.19
   20.37
   31.22
   27.43
   38.36
   21.37
   18.54
   28.45
   29.11
   27.31
   38.93
   45.77
   32.99
   38.85
   36.85
   22.31
   28.09
   41.86
   28.08
   55.80
   34.24
   39.93
   11.92
   30.40
   35.93
   30.49
   33.47
   27.46
   44.35
   29.79
   33.27
   31.96
   25.75
   46.77
   44.56
   25.97
   34.75
   31.42
   33.31
   34.77
   28.02
   25.28
   52.18
   29.31
   23.45
   17.18
   11.18
   36.36
   36.54
   20.29
   16.56
   25.16
   19.06
   29.41
   12.79
   28.67
   25.47
   16.62
   24.16
   31.62
   21.81
   16.33
   17.52
   27.80
   28.10
   36.10
   31.02
   27.10
   32.24
   14.07
   13.20
   20.60
   27.34
   44.69
   23.46
   29.47
   16.94
   14.14
   17.07
   40.98
   24.50
   26.24
   37.33
   22.30
   33.46
   22.01
   10.52
   26.90
   24.15
   16.62
   46.48
   43.02
   38.15
   20.29
   10.12
   36.71
   38.85
   28.07
   41.16
   34.47
   29.59
   27.29
   38.67
   12.10
   36.33
   19.73
   30.65
   41.07
   28.59
   20.95
   27.02
   33.67
   25.07
   44.21
   21.01
   23.92
   13.71
   45.51
   29.84
   33.94
   41.52
   27.27
   26.99
   23.40
   50.15
   41.30
   28.30
   17.02
   27.46
   25.37
   26.66
   29.97
   30.28
   23.36
   23.77
   47.04
   24.79
   23.49
   28.77
   24.29
   40.38
   28.90
   16.83
   32.35
   25.58
   44.74
   34.54
   21.22
   22.11
   29.50
   33.31
   23.39
   10.80
   25.77
    9.50
   38.23
   32.06
   21.82
   34.34
   20.93
   30.93
   24.67
   29.05
   15.96
   49.59
   43.96
   44.16
   42.78
   18.10
   24.78
   23.38
   41.65
   19.58
   24.51
   28.28
   47.77
   20.48
   35.06
   16.53
   31.96
   45.00
   17.14
   47.80
   30.48
   32.45
   37.15
   16.78
   25.12
   28.14
   29.05
   51.50
   29.15
   27.54
   32.19
   43.39
   32.07
   27.10
   47.20
   31.61
   20.53
   23.69
   50.46
   26.92
   30.38
   20.69
   41.87
   24.09
   32.82
   46.51
   16.96
   29.33
   43.87
   44.22
   46.31
   33.97
   25.45
   46.34
   18.90
   22.99
   40.08
   28.47
   40.63
   42.97
   29.37
   46.91
   27.36
   18.91
   38.61
   48.03
   22.86
   39.67
   37.18
   31.15
   32.26
   43.10
   34.54
   42.44
   20.32
   41.55
   37.88
   22.00
   36.20
   13.62
   29.46
   22.81
   22.30
   24.26
   23.10
   29.29
   25.30
   37.65
   26.16
   24.51
   29.21
   25.10
   27.59
   19.25
   44.11
   33.63
   12.38
   36.10
   32.21
   19.34
   21.71
   17.50
   27.46
   28.07
   16.80
   22.77
   40.92
   35.55
   28.52
   38.54
   30.72
   23.70
   37.98
   21.91
   22.32
   18.65
   28.62
   38.51
   34.10
   38.90
   19.75
   21.79
   14.38
   24.50
   32.20
   22.54
   32.18
   32.41
   23.19
   28.73
   19.64
   30.42
   15.08
   31.42
   24.51
   31.03
   24.93
   26.52
   25.85
   26.27
   44.06
   32.11
   25.47
   13.53
   35.75
   24.19
   21.19
   28.74
   29.11
   34.04
   29.15
   38.60
   28.40
   34.82
   28.58
   29.06
   46.76
   24.50
   43.24
   60.25
   30.58
   43.34
   26.71
   31.93
   15.73
   25.67
   27.01
   29.66
   14.61
   28.85
   41.92
   36.10
   25.35
   33.25
   27.45
   25.45
   30.69
   37.73
   39.61
   29.76
   43.93
   30.83
   25.84
   42.15
   36.75
   33.58
   13.53
   21.32
   28.93
   30.39
   37.25
   33.61
   21.40
   28.89
   42.60
   41.17
   21.25
   28.62
   35.49
   52.01
   27.03
   43.12
   30.25
   34.74
   21.10
   37.02
   14.33
   28.36
   23.20
   12.36
   29.35
   39.41
   18.71
   50.18
   17.79
   26.77
   29.27
   31.26
   25.40
   20.03
   25.93
   20.51
   19.76
   23.71
   34.34
   30.80
   45.89
   30.20
   28.70
   24.05
   43.84
   26.51
   21.57
   14.85
   28.67
   38.97
   39.74
   46.92
   21.56
   31.03
   39.08
   27.08
   30.24
   28.69
   40.52
   37.88
   12.23
   14.67
   19.15
   42.04
   38.82
   38.37
   32.66
   35.00
   30.79
   30.36
   12.82
   22.38
   24.72
   55.62
   53.32
   20.31
   35.39
   41.80
   21.73
   50.95
   22.14
   13.77
   32.93
   16.40
   43.10
   48.13
   18.70
   29.56
   16.36
   30.99
   15.56
   33.70
   26.08
   32.74
   14.30
   24.12
   26.74
   32.33
   23.39
   32.99
   35.74
   22.27
   24.31
   25.49
   18.64
   32.50
   30.84
   42.15
   22.07
   20.57
   25.87
   25.26
   34.00
   26.91
   16.67
   35.60
   37.05
   15.75
   41.89
   18.48
   18.88
   16.75
   41.77
   24.17
   25.57
   20.68
   34.72
   27.05
   27.03
   25.00
   22.25
   31.21
   37.90
   27.47
   23.27
   32.97
   17.45
   33.56
   37.46
   33.49
   25.60
   26.69
   17.77
   18.44
   22.41
   23.45
   31.14
   43.14
   22.92
   35.63
   23.89
   36.20
   30.86
   19.89
   39.87
   20.08
   12.94
   33.66
   25.78
   28.10
   37.77
   26.24
   28.36
   39.91
   18.57
   30.09
   26.92
   29.67
   35.48
   43.00
   32.45
   22.73
   12.56
   28.41
   31.32
   29.03
   29.74
   31.14
   22.43
   24.07
   19.78
   31.70
   17.52
   25.86
   29.77
   26.65
   25.67
   44.36
   20.99
   29.84
   12.58
   21.93
   22.92
   36.33
   27.95
   43.60
   49.75
   16.26
   41.64
   22.42
   45.89
   25.39
   24.26
   33.28
   24.34
   36.49
   25.72
   17.75
   38.34
   28.93
   31.47
   19.96
   48.75
   27.62
   40.37
   51.10
   45.51
   15.60
   31.96
   16.56
   27.48
   27.25
   29.59
   32.96
   20.95
   39.97
   37.05
   24.60
   29.03
   18.14
   39.05
   19.41
   44.65
   41.13
   55.33
   25.40
   30.07
   29.04
   25.38
   37.35
   35.71
   13.37
   44.78
   30.70
   32.42
   42.91
   29.05
   27.73
   17.45
   45.71
   21.14
   32.59
   30.93
   27.96
   49.02
   23.27
   43.26
   23.78
   29.77
   19.00
   23.83
   34.04
   31.83
   43.57
   30.50
   26.96
   35.53
   36.30
   24.77
   45.38
   26.77
   27.08
   39.00
   25.66
   26.58
   21.48
   48.85
   19.63
   35.96
   28.71
   35.02
   28.11
   21.45
   17.02
   41.26
   37.14
   18.07
   30.13
   24.33
   23.63
   31.21
   37.96
   21.67
   46.31
   41.31
   30.17
   35.39
   22.25
   14.74
   16.96
   31.04
   19.44
   26.73
   24.16
    9.85
   26.79
   25.05
   16.74
   30.99
   37.46
   28.88
   19.36
   21.76
   18.77
   24.83
   46.94
   34.45
   32.10
   14.30
   34.17
   32.04
   17.71
   28.17
   15.37
   18.08
   25.27
   44.82
   37.89
   37.00
   27.61
   31.48
   15.26
   20.45
   21.22
   42.56
   19.08
   28.79
   51.20
   28.19
   29.51
   24.52
   15.40
   24.26
   14.58
   27.93
   40.32
   12.67
   32.31
   36.23
   28.81
   37.33
   27.03
   37.19
   16.87
   10.81
   40.97
   21.78
   15.55
   28.12
   48.84
   20.87
   22.47
   24.90
   30.28
   30.70
   46.92
   25.30
   24.95
   36.95
   20.61
   28.32
   23.42
   35.11
   30.94
   22.78
   24.71
   34.64
   19.19
   26.26
   27.83
   32.38
   28.37
   43.10
   36.02
   20.90
   27.14
   30.39
   38.08
   34.98
   31.60
   10.74
   43.17
   20.12
   33.83
   37.74
   13.99
   17.01
   27.58
   27.31
   20.88
   34.42
   29.00
   38.33
   41.85
   20.99
   28.44
   22.82
   38.69
   30.55
   33.98
   25.56
   32.18
   22.95
   41.26
   27.82
   31.82
   34.67
   24.97
   34.16
   36.27
   30.31
   15.84
   35.08
   29.95
   37.24
   25.45
   39.66
   27.39
   30.09
   25.48
   35.04
   30.60
   42.18
   50.59
   26.33
   39.64
   26.85
   31.02
   43.94
   37.14
   30.96
   22.77
   38.66
   43.81
   28.03
   29.92
   18.35
   39.90
   28.79
   27.99
   37.67
   28.01
   35.25
   18.79
   25.19
   39.14
   53.16
   41.84
   19.27
   21.66
   26.84
   26.47
   27.78
   43.39
   44.55
   21.06
   32.87
   29.28
   29.79
   28.11
   32.38
   38.21
   29.09
   40.96
   46.55
   35.02
   20.27
   24.05
   16.28
   26.91
   14.08
   24.09
   34.17
   47.31
   26.84
   15.21
   17.20
   17.63
   37.51
   21.50
   11.94
   20.85
   23.93
   30.14
   18.64
   24.62
   36.31
   23.49
   14.79
   25.23
   11.65
   22.42
   22.51
   26.41
   34.77
   36.34
   37.09
   15.35
   25.04
   25.56
   24.95
   26.76
   27.00
   16.14
   25.84
   15.58
   15.00
   12.56
   21.91
   34.96
   33.28
   22.08
   23.41
   19.41
   21.40
   16.23
   41.19
   45.50
   25.96
   34.90
   39.54
   21.06
   26.24
   27.07
   37.20
   39.10
   20.17
   17.73
   43.84
   45.12
   40.81
   27.58
   36.42
   25.51
   34.77
   32.54
   22.10
   52.22
   29.96
   26.42
   25.44
   29.74
   31.35
   31.14
   19.46
   36.20
   19.02
   24.23
   45.80
   26.53
   26.34
   21.38
   23.60
   35.38
   36.66
   16.10
   22.17
   28.49
   36.18
   14.69
   31.60
   25.57
   26.51
   30.63
   19.52
   18.42
   21.14
   34.60
   19.93
   33.92
   37.95
   38.04
   27.65
   30.22
   50.02
   27.17
   46.89
   23.84
   50.94
   24.45
   29.29
   28.46
   30.87
   33.28
   37.43
   27.04
   32.83
   20.05
   19.77
   29.65
   32.13
   37.34
   35.64
   34.39
   15.17
   19.43
   20.32
   34.15
   46.78
   24.44
   39.62
   39.92
   23.54
   34.85
   47.45
   38.61
   41.82
   39.47
   16.00
   27.32
   25.81
   30.29
   14.05
   18.45
   27.35
   27.04
   26.75
   35.88
   33.84
   12.59
   30.37
   42.82
   30.87
   48.23
   22.06
   27.91
   29.40
   19.27
   24.57
   43.80
   11.85
   50.45
   38.19
   32.50
   25.71
   27.39
   23.01
   40.90
   34.39
   42.01
   37.56
   30.73
   33.49
   25.52
   14.20
   32.13
   48.51
   44.92
   39.45
   42.49
   23.89
   37.08
   20.36
   15.57
   58.54
   29.86
   26.31
   45.98
   26.66
   20.99
   42.64
   48.28
   22.92
   35.89
   18.66
   20.04
   29.36
   18.02
   44.23
   16.04
   35.42
   40.20
   25.87
   23.80
   34.85
   38.42
   29.77
   26.11
   14.59
   29.05
   21.66
   27.67
   20.11
   37.51
   18.15
   25.76
   37.91
   24.02
   27.32
   11.23
   28.16
    9.61
   15.80
   25.53
   31.68
   24.74
   24.13
   42.07
   35.74
   18.59
   36.84
   34.46
   21.25
   28.59
   24.42
   28.26
   37.89
   19.11
   35.58
   39.07
   29.45
   39.21
   27.22
   20.70
   31.44
   18.38
   40.95
   35.54
   29.17
   30.83
   21.53
   13.57
   15.13
   15.12
   35.38
   26.89
   27.07
   41.85
   31.64
   26.44
   48.67
   21.31
   32.72
   22.03
   27.57
   24.19
   32.93
   39.50
   30.59
   27.17
   28.36
   18.26
   20.25
   23.90
   21.54
   33.05
   19.07
   21.85
   17.93
   29.55
   30.40
   40.64
   28.68
   43.11
   23.19
   14.45
   41.27
   20.51
   22.16
   50.39
   16.80
   20.00
   25.80
   42.97
   30.56
   20.83
   36.09
   49.68
   49.77
   24.35
   31.88
   44.19
   21.83
   35.27
   40.16
   34.60
   52.79
   19.18
   27.88
   21.04
   28.43
   21.92
   34.50
   45.73
   29.32
   32.26
   22.32
   20.81
   38.94
   41.01
   28.10
   28.43
   25.27
   20.85
   22.14
   17.82
   43.03
   32.40
   38.05
   24.13
   26.84
   38.01
   33.91
   31.50
   25.86
   17.38
   36.55
   32.46
   26.61
   30.03
   34.37
   20.86
   17.49
   30.60
   44.75
   37.94
   23.63
   27.67
   34.60
   20.73
   17.68
   29.63
   22.36
   36.08
   28.30
   39.42
   37.49
   32.62
   38.77
   20.26
   40.08
   22.37
   27.56
   19.81
   32.31
   33.11
   38.81
   37.95
   23.82
   23.28
   32.57
   43.23
   31.17
   26.13
   48.46
   26.53
   37.56
   41.09
   24.82
   31.49
   24.50
   13.04
   48.37
   21.42
   30.88
   49.36
   26.73
   28.97
   26.70
   28.54
   27.54
   27.91
   23.43
   27.17
   24.35
   17.39
   32.06
   15.31
   37.94
   39.57
   30.11
   23.15
   18.81
   40.36
   24.32
   39.76
   20.63
   29.62
   24.91
   31.24
   36.21
   28.67
   13.74
   34.93
   29.93
   21.89
   21.02
   29.04
   25.28
   25.88
   39.35
   22.21
   18.30
   21.22
   22.28
   27.24
   30.22
   39.93
   24.26
   34.09
   35.82
   20.22
   28.17
   19.74
   40.75
   45.64
   20.06
   35.16
   22.06
   42.60
   37.18
   32.45
   13.71
   17.16
   16.37
   37.87
   24.61
   35.72
   31.41
   21.74
   33.97
   28.33
   23.32
   42.35
   19.64
   17.24
   39.21
   40.58
   53.37
   14.83
   39.78
   25.52
   41.32
   25.80
   25.69
   25.74
   20.04
   14.00
   12.25
   20.49
   34.60
   28.90
   32.55
   39.80
   36.51
   17.51
   40.50
   27.04
   37.82
   25.60
   32.54
   45.72
   57.89
   24.70
   22.92
   37.28
   14.42
   29.67
   46.84
   35.69
   28.76
   23.76
   26.15
   37.20
   41.54
   26.75
   38.68
   28.65
   24.01
   40.14
   30.82
   31.60
   27.72
   37.16
   30.55
   14.21
   35.37
   26.72
   34.86
   24.12
   29.88
   32.10
   17.43
   34.72
   33.61
   47.95
   21.06
   28.92
   33.04
   45.95
   23.43
   38.59
   16.81
   21.16
   34.20
   32.03
   45.24
   23.75
   19.17
   24.97
   21.95
   22.05
   20.02
   16.94
   40.19
   23.43
   46.34
   33.39
   34.44
   27.94
   36.84
   28.99
   30.33
   23.68
   18.57
   30.86
   31.72
   38.87
   34.98
   25.45
   40.54
   28.30
   23.28
   37.88
   31.03
   57.04
   40.14
   23.59
   38.57
   25.90
   36.58
   26.78
   40.10
   56.53
   34.18
   38.37
   33.57
   27.11
   28.04
   32.54
   26.50
   24.68
   47.64
   58.05
   21.81
   28.68
   26.26
   25.61
   36.90
   21.66
   34.77
   33.13
   34.38
   17.19
   37.52
   29.47
   42.70
   31.19
   28.43
   36.68
   16.76
   24.32
   23.47
   19.67
   29.85
   35.66
   29.84
   17.05
   30.32
   21.21
   23.74
   29.88
   18.56
   21.72
   31.48
   27.74
   21.08
   25.27
   29.79
   29.87
   28.75
   26.41
   15.55
   19.77
   43.20
   29.03
   17.67
   26.44
   30.29
   15.81
   26.13
   15.43
   14.49
   18.21
   29.43
   39.67
   24.72
   28.15
   23.40
   35.92
   34.67
   45.12
   28.94
   51.02
   19.02
   17.73
   39.60
   20.77
   39.15
   17.42
   36.25
   31.57
   26.04
   30.34
   37.21
   32.46
   43.02
   26.18
   11.32
   30.42
   31.18
   19.47
   28.37
   39.96
   30.41
   26.34
   29.52
   25.79
   25.66
   25.06
   46.75
   18.75
   28.29
   31.51
   20.24
   23.67
   31.58
   25.28
   32.22
   26.89
   24.87
   17.65
   51.79
   40.24
   45.04
   29.09
   23.69
   29.30
   47.77
   35.24
   26.69
   16.37
   28.87
   41.27
   36.49
   26.65
   31.06
   32.12
   21.98
   42.60
   31.63
   18.47
   44.54
   22.40
   26.63
   18.54
   51.80
   38.17
   44.36
   21.19
   42.37
   28.97
   37.03
   42.47
   39.22
   42.00
   28.89
   34.71
   25.21
   25.11
   31.73
   38.05
   32.97
   15.64
   26.56
   32.98
   34.26
   22.80
   18.84
   42.94
   25.02
   19.28
   21.54
   48.50
   17.79
   26.28
   31.34
   18.80
   28.43
   40.04
   23.40
   35.75
   38.24
   18.56
   27.93
   26.22
   27.74
   25.92
   12.45
   45.50
   29.04
   26.17
   18.09
   20.25
   29.64
   26.09
   32.02
   42.28
   30.01
   42.21
   25.90
   20.04
   29.86
   22.30
   26.79
   33.05
   22.22
   26.06
   25.03
   14.97
   23.68
   26.10
   32.84
   22.50
   32.70
   60.50
   41.00
   25.99
   14.55
   21.81
   54.46
   33.85
   26.05
   32.46
   21.01
   17.99
   23.50
   32.85
   35.18
   53.64
   28.05
   23.03
   23.52
   18.58
   50.55
   43.15
   31.08
   33.39
   33.85
   25.42
   32.60
   20.23
   35.01
   23.54
   23.03
   51.74
   25.92
   39.94
   21.55
   27.29
   15.81
   14.89
   16.70
   27.48
   38.31
   25.90
   32.99
   27.78
   20.74
   27.21
   21.04
   34.77
   29.76
   12.23
   16.90
   30.26
   25.67
   42.15
   24.13
   24.72
   29.15
   26.70
   31.20
   34.11
   12.78
   31.36
   19.40
   30.58
   29.35
   23.14
   25.57
   41.72
   36.44
   23.13
   25.71
   35.51
   29.67
   20.61
   32.46
   15.31
   31.98
   21.68
   30.86
   29.51
   35.83
   21.27
   34.87
   17.52
   14.63
   28.24
   32.53
   17.00
   26.85
   23.40
   23.47
   23.57
   31.09
   34.02
   27.68
   45.53
   24.03
   38.55
   11.88
   24.65
   50.41
   28.07
   25.86
   26.13
   29.14
   21.62
   39.19
   29.26
   25.16
   12.13
   25.15
   39.79
   32.47
   16.09
   22.27
   35.31
   22.27
   33.42
   25.40
   18.80
   28.45
   14.48
   26.88
   27.76
   25.71
   39.76
   19.83
   33.00
   18.81
   23.84
   41.75
   33.14
   25.57
   21.59
   43.20
   30.05
   29.12
   31.61
   28.39
   42.80
   44.80
   34.70
   18.80
   43.00
   31.74
   32.94
   23.13
   32.82
   38.31
   40.07
   31.83
   30.91
   27.18
   42.92
   31.22
   35.55
   22.90
   34.40
   33.60
   27.34
   20.66
   31.85
   39.65
   24.93
   19.77
   40.83
   16.86
   25.59
   23.94
   42.19
   13.61
   34.99
   41.83
   33.55
   24.79
   42.87
   18.01
   26.29
   41.85
   29.98
   42.36
   27.91
   55.22
   26.41
   14.11
   26.01
   18.60
   36.67
   43.82
   12.16
   30.68
   43.85
   33.10
   41.57
   48.39
   34.38
   42.97
   23.15
   21.72
   19.78
   31.56
   15.22
   28.84
   34.28
   35.14
   22.81
   28.93
   24.87
   41.11
   20.90
   24.24
   29.50
   23.83
   14.04
   33.59
   23.62
   30.70
   14.36
   25.09
   36.58
   25.71
   45.43
   31.14
   36.98
   45.23
   44.99
   43.03
   31.41
   17.01
   22.22
   18.63
   31.78
   26.73
   46.03
   27.31
   46.89
   42.10
   39.74
   19.35
   32.09
   43.12
   33.78
   22.86
   22.56
   27.07
   34.49
   36.79
   30.24
   39.30
   33.07
   22.17
   20.09
   37.13
   16.83
   30.99
   28.34
   28.17
   21.04
   34.89
   24.73
   27.89
   25.20
   22.85
   28.79
   38.63
   27.31
   24.78
   43.77
   42.64
   35.43
   26.82
   29.19
   34.71
   19.03
   29.25
   23.89
   21.65
   33.59
   23.98
   19.29
   36.30
   24.42
   38.40
   22.92
   35.68
   32.78
   37.76
   15.98
   27.81
   25.05
   31.22
   50.43
   43.78
   38.13
   34.66
   19.22
   19.68
   30.64
   26.77
   29.74
   22.77
   28.19
   26.60
   21.81
   24.00
   34.16
   29.43
   37.20
   22.59
   28.39
   27.29
   33.15
   22.63
   31.44
   15.67
   24.10
   19.35
   16.43
   22.70
   39.73
   24.31
   33.59
   30.80
   11.08
   30.59
   34.44
   15.04
   22.54
   26.34
   38.18
   32.07
   22.90
   23.44
   20.84
   40.54
   36.87
   41.98
   32.87
   54.00
   27.47
   52.25
   28.22
   25.91
   38.88
   37.72
   25.32
   32.05
   18.16
   18.60
   28.76
   41.36
   25.34
   39.01
   25.71
   34.30
   22.68
   17.36
   23.22
   38.68
   29.35
   36.42
   15.04
   39.40
   17.38
   34.14
   46.12
   23.85
   38.49
   23.54
   24.73
   45.11
   33.47
   28.56
   48.86
   17.13
   25.88
   18.33
   50.88
   27.21
   20.70
   40.34
   17.69
   11.88
   20.84
   32.58
   42.37
   49.81
   26.46
   26.22
   45.20
   31.17
   34.46
   38.36
   41.18
   28.39
   31.13
   35.37
   33.64
   38.61
   18.11
   34.86
   40.25
   40.32
   42.78
   36.53
   42.13
   23.54
   24.94
   26.12
   32.63
   16.21
   35.34
   25.45
   36.23
   18.70
   51.89
   39.54
   19.17
   20.48
   47.97
   51.76
   38.01
   20.20
   29.75
   21.68
   20.20
   44.15
   28.77
   32.97
   47.18
   41.45
   22.86
   40.09
   20.66
   52.47
   17.46
   28.97
   25.77
   49.48
   34.83
   21.17
   48.77
   47.21
   35.83
   31.29
   27.64
   25.35
   53.20
   30.15
   21.05
   25.95
   24.44
   22.21
   33.96
   16.93
   15.07
   35.67
   29.10
   18.41
   18.89
   34.10
   23.59
   31.38
   24.90
   31.25
   27.36
   24.01
   36.11
   23.70
   25.99
   29.30
   29.50
   19.16
   34.99
   25.16
   33.63
   29.46
   21.57
   36.45
   20.24
   16.69
   31.51
   23.51
   31.15
   41.83
   25.27
   13.81
   36.20
   31.01
   34.20
   38.65
   49.10
   30.97
   13.11
   18.95
   29.86
   34.10
   35.67
   28.14
   20.94
   50.48
   19.42
   11.06
   37.31
   53.52
   30.80
   16.81
   20.79
   22.75
   18.30
   34.83
   41.74
   23.90
   23.05
   23.73
   17.42
   24.13
   37.96
   29.10
   34.83
   31.38
   42.64
   27.01
   27.56
   34.34
   20.73
   35.93
   41.33
   15.66
   26.92
   33.88
   19.57
   31.09
   23.34
   17.28
   44.86
   24.78
   28.66
   28.12
   32.12
   19.46
   23.28
   49.37
   43.23
   32.01
   21.80
   39.08
   31.36
   14.22
   46.53
   25.89
   48.13
   48.12
   15.83
   20.11
   24.27
   21.56
   27.43
   27.63
   30.85
   27.25
   50.08
   31.04
   23.67
   34.38
   27.88
   29.39
   40.70
   31.77
   27.47
   37.57
   32.40
   28.27
   30.63
   29.17
   34.08
   25.87
   28.51
   22.16
   24.69
   28.45
   18.14
   36.72
   27.18
   22.27
   36.98
   36.80
   26.85
   27.92
   34.55
   43.45
   49.65
   22.87
   25.93
   34.25
   46.06
   46.21
   23.69
   26.09
   23.93
   32.36
   23.39
   16.47
   23.34
   26.33
   15.69
   19.00
   35.80
   28.34
   40.00
   38.55
   33.10
   33.71
   38.75
   31.11
   14.93
   49.86
   42.83
   19.64
   22.57
   25.45
   19.35
   31.48
   42.55
   38.25
   38.43
   17.14
   48.80
   35.16
   30.13
   40.91
   28.79
   29.29
   25.43
   44.61
   29.63
   20.08
   24.91
   39.42
   39.44
   44.79
   17.52
   30.44
   52.37
   33.79
   10.10
   31.96
   31.70
   43.19
   30.21
   16.33
   29.98
   17.72
   20.57
   19.85
   28.10
   21.14
   23.76
   29.15
   27.52
   33.82
   35.36
   18.62
   23.72
   25.49
   26.75
   16.70
   30.40
   29.20
   41.33
   25.56
   24.52
   21.30
   30.05
   23.01
   22.39
   27.07
   31.10
   17.90
   49.42
   25.07
   16.25
   35.03
   29.68
   20.44
   19.83
   27.31
   25.58
   15.88
    9.52
   36.02
   24.70
   30.35
   20.51
   22.82
   38.49
   28.36
   29.93
   40.09
   21.51
   37.88
   27.74
   44.44
   26.21
   41.61
   37.44
    9.85
   40.68
   15.50
   30.10
   43.10
   30.32
   22.22
   24.73
   28.07
   20.36
   23.21
   16.07
   20.68
   23.56
   20.71
   15.08
   34.50
   37.46
   13.44
   20.43
   22.83
   19.48
   34.81
   50.02
   32.35
   34.43
   27.52
   36.17
   31.82
   27.80
   27.52
   22.87
   35.98
   41.08
   46.86
   36.18
   27.51
   30.92
   16.83
   23.88
   29.07
   29.76
   24.18
   34.62
   47.80
   39.36
   40.05
   24.81
   22.64
   36.23
   30.52
   55.66
   26.92
   19.12
   28.90
   33.92
   38.85
   34.70
   26.76
   14.13
   33.65
   26.56
   32.82
   35.30
   33.40
   19.73
   19.64
   30.23
   34.20
   32.33
   47.87
   17.20
   28.56
   23.88
   34.48
   23.28
   31.90
   26.50
   35.97
   19.35
   31.28
   21.62
   43.23
   40.17
   23.19
   20.88
   35.44
   18.18
   35.82
   34.44
   41.40
   33.79
   16.65
   30.13
   45.96
   15.39
   37.00
   21.83
   27.16
   27.92
   39.08
   30.06
   14.36
   39.46
   25.86
   46.06
   32.36
   23.42
   48.64
   37.78
   15.01
   46.33
   34.37
   50.05
   22.25
   37.08
   43.20
   40.79
   29.34
   28.97
   49.74
   24.52
   24.70
   33.28
   18.42
   35.11
   44.22
   30.28
   26.07
   28.47
   12.62
   40.66
   30.33
   39.01
   45.05
   19.26
   30.31
   19.81
   28.96
   25.87
   32.93
   17.27
    9.76
   21.88
   25.30
   35.38
   25.77
   42.05
   32.10
   11.65
   19.25
   28.27
   49.63
   24.43
   23.67
   27.63
   29.60
   38.87
   20.01
   14.65
   22.48
   26.42
   32.36
   32.96
   19.09
   27.78
   38.00
   19.41
   17.42
   20.82
   26.13
   24.40
   21.78
   29.52
   22.47
   40.74
   33.44
   12.00
   25.73
   29.41
   37.38
   24.72
   16.94
   27.96
   30.72
   37.16
   21.19
   24.23
   34.45
   24.55
   34.73
   48.92
   44.54
   21.93
   25.69
   21.92
   16.25
   39.97
   19.49
   30.32
   10.31
   20.41
   37.44
   30.43
   27.53
   18.79
   37.52
   33.46
   39.66
   27.36
   27.09
   37.19
   17.56
   13.10
   27.77
   54.31
   43.12
   20.27
   40.96
   19.01
   25.67
   31.52
   22.00
   17.61
   34.26
   41.83
   28.32
   36.37
   18.15
   39.19
   26.83
   36.80
   17.16
   25.20
   36.50
   34.51
   17.30
   40.74
   43.47
   19.52
   34.83
   35.00
   24.60
   32.98
   32.91
   17.99
   34.15
   26.89
   37.11
   19.37
   29.37
   27.62
   35.46
   24.89
   31.15
   33.45
   31.34
   33.05
   42.24
   24.79
   35.86
   27.19
   18.84
   22.45
   32.97
   25.93
   26.13
   31.35
   22.68
   49.64
   13.44
   14.16
   26.33
   24.61
   24.05
   35.28
   46.24
   48.42
   29.32
   32.92
   13.04
   39.55
   21.62
   25.44
   25.38
   27.63
   33.77
   38.78
   25.60
   52.60
   34.03
   19.71
   45.31
   16.44
   30.62
   25.10
   24.40
   34.11
   26.53
   40.20
   40.45
   19.80
   36.14
   18.92
   37.20
   51.96
   45.46
   29.84
   47.83
   31.60
   25.86
   19.07
   35.98
   24.67
   42.08
   26.60
   39.19
   52.73
   37.31
   29.66
   27.40
   26.57
   40.50
   38.36
   28.54
   30.16
   40.36
   26.04
   39.65
   47.62
   25.68
   51.34
   27.07
   38.46
   22.66
   46.60
   47.28
   32.28
   27.87
   58.20
   50.04
   24.54
   16.34
   34.58
   19.96
   33.75
   32.28
   33.58
   21.92
   19.18
   25.67
   12.51
   32.04
   23.06
   28.86
   35.96
   31.57
   28.68
   28.95
   28.56
   18.58
   40.15
   25.75
   35.72
   21.86
   25.15
   48.14
   39.60
   26.00
   25.52
   27.51
   18.52
   19.39
   21.17
   31.66
   26.26
   23.54
   35.99
   32.06
   30.24
   20.49
   28.52
   40.74
   23.77
   16.64
   16.98
   17.01
   19.59
   29.03
   24.97
   35.40
   24.13
   49.26
   23.18
   29.35
   35.13
   30.64
   32.60
   20.91
   28.08
   37.32
   35.46
   33.36
   15.88
   23.58
   37.15
   41.61
   18.93
   22.50
   27.00
   21.22
   27.38
   23.41
   28.41
   27.68
   17.17
   18.59
   24.63
   15.85
   18.24
   28.10
   37.76
   31.37
   19.84
   28.00
   32.43
   34.32
   35.73
   25.52
   19.05
   23.10
   29.16
   30.58
   29.98
   41.69
   23.22
   48.35
   27.97
   34.30
   14.57
   28.22
   22.01
   40.43
   40.20
   49.90
   34.36
   22.94
   40.31
   37.74
   28.21
   23.13
   38.04
   22.92
   38.31
   34.53
   39.82
   23.04
   18.23
   26.16
   36.70
   31.26
   29.52
   56.08
   30.27
   17.29
   30.75
   36.17
   35.21
   22.08
   55.22
   17.83
   31.22
   34.62
   25.15
   35.73
   45.53
   40.79
   35.49
   24.62
   36.12
   46.59
   28.98
   13.55
   38.84
   33.83
   21.72
   35.78
   19.36
   19.97
   14.49
   39.80
   31.67
   13.91
   25.06
   37.96
   34.80
   20.80
   46.27
   29.73
   54.49
   40.48
   24.29
   22.18
   19.87
   36.10
   28.77
   18.36
   29.32
   13.95
   15.26
   39.06
   19.59
   41.62
   34.43
   28.38
   45.43
   24.81
   23.78
   21.69
   30.09
   51.69
   37.03
   36.63
   28.65
   48.92
   40.04
   28.16
   21.83
   47.72
   32.67
   39.63
   17.66
   16.88
   30.59
   27.38
   45.38
   23.67
   38.08
   29.07
   31.72
   34.23
   41.70
   39.17
   43.60
   33.54
   20.11
   30.33
   17.99
   49.47
