   35.36
   35.05
   26.51
   27.01
   25.35
   32.55
   22.55
   39.85
   17.94
   42.32
   18.92
   41.77
   36.54
   34.90
   16.27
   30.35
   20.32
   16.25
   29.15
   37.89
   25.51
   21.15
   20.88
   40.32
   35.45
   37.30
   41.73
   19.52
   15.44
   31.26
   21.58
   19.01
   33.23
   22.58
   34.03
   16.27
   39.13
   25.45
   45.08
   36.27
   28.86
   27.25
   39.96
   22.75
   17.97
   22.88
   26.98
   29.16
   28.44
   27.12
   42.69
   25.03
   34.71
   33.83
   36.40
   36.25
   38.93
   30.00
   40.03
   20.75
   32.53
   30.40
   34.31
   23.59
   37.22
   11.15
   25.87
   43.10
   22.84
   28.30
   19.98
   35.07
   24.37
   43.89
   17.30
   32.78
   25.36
   23.56
   29.67
   31.36
   36.84
   11.02
   25.89
   37.96
   33.42
   22.76
   33.99
   29.76
   27.29
   47.20
   25.62
   27.25
   27.16
   36.88
   42.11
   39.76
   37.58
   41.28
   32.19
   42.04
   31.25
   34.54
   55.51
   35.07
   13.71
   47.62
   25.07
   38.14
   18.33
   36.69
   36.46
   15.88
   43.46
   36.73
   39.67
   36.32
   32.59
   41.84
   39.31
   33.05
   40.03
   25.21
   33.86
   30.84
   24.32
   30.57
   31.69
   43.65
   32.49
   35.63
   30.77
   38.21
   41.89
   48.11
   30.40
   30.29
   28.72
   30.51
   38.69
   43.02
   31.20
   52.71
   17.68
   20.08
   42.03
   34.48
   29.70
   24.06
   36.76
   30.41
   47.62
   30.23
   32.35
   27.91
   26.76
   35.90
   18.00
   30.17
   28.14
   36.41
   19.50
   46.16
   28.98
   39.46
   24.46
   35.22
   23.86
   34.16
   27.39
   27.08
   37.70
   19.08
   34.34
   16.39
   26.65
   35.58
   26.37
   30.67
   36.09
   24.17
   36.47
   22.11
   20.89
   35.58
   27.10
   14.68
   30.10
   30.08
   37.65
   18.19
   40.83
   28.70
   34.97
   35.11
   29.45
   40.90
   28.84
   22.84
   31.74
   31.03
   30.67
   47.55
   32.37
   40.81
   39.06
   23.07
   24.98
   43.06
   48.20
   30.70
   36.03
   37.40
   25.70
   15.90
   23.44
   33.75
   30.66
   13.84
   24.57
   11.72
   37.30
   17.61
   34.56
   38.28
   42.59
   46.15
   26.85
   39.12
   31.74
   26.78
   36.86
   35.96
   28.16
   36.08
   41.57
   38.63
   46.97
   39.99
   29.43
   21.79
   31.64
   39.38
   43.79
   25.00
   33.48
   34.40
   34.05
   37.47
   31.86
   26.15
   36.83
   30.44
   27.36
   27.77
   43.10
   33.55
   40.74
   16.83
   38.86
   32.63
   34.59
   29.67
   24.39
   40.01
   28.54
   21.31
   34.83
   40.75
   27.84
   32.94
   37.26
   48.93
   28.60
   23.73
   36.50
   38.07
   27.17
   38.31
   29.69
   40.73
   34.71
   46.12
   27.50
   26.13
   40.60
   36.78
   38.15
   38.95
   25.24
   40.02
   26.79
   27.27
   39.56
   22.03
   45.93
   43.89
   24.61
   30.06
   24.29
   21.73
   23.05
   35.33
   29.03
   36.64
   43.80
   29.60
   37.32
   15.75
   33.96
   41.40
   22.31
   15.02
   17.42
   35.00
   31.64
   34.08
   36.11
   30.33
   30.39
   39.22
   25.26
   22.13
   39.40
   44.27
   23.97
   15.21
   29.44
   42.73
   39.64
   28.98
   37.80
   42.90
   33.06
   15.62
   25.64
   25.73
   38.66
   24.08
   37.16
   21.24
   32.53
   41.97
   33.52
   31.45
   46.42
   28.76
   30.83
   42.07
   33.64
   15.54
   28.49
   30.83
   34.52
   19.53
   29.69
   31.98
   26.84
   15.77
   33.98
   33.16
   22.63
   32.37
   37.11
   37.44
   40.37
   20.93
   43.26
   29.26
   28.66
   38.63
   22.32
   30.86
   27.53
   25.88
   41.83
   20.03
   31.51
   21.57
   21.73
   23.16
   16.09
   40.35
   32.27
   35.95
   19.99
   34.82
   27.45
   39.26
   23.19
   30.57
   41.30
   12.89
   48.52
   34.83
   27.62
   34.44
   31.37
   16.81
   32.28
   29.31
   32.03
   32.83
   23.21
   31.07
   25.66
   35.04
   37.60
   33.52
   41.69
   31.23
   25.22
   36.47
   20.80
   42.92
   45.45
   25.86
   43.39
   31.22
   36.01
   18.92
   26.46
   35.34
   28.43
   21.66
   35.63
   35.65
   21.21
   47.97
   33.17
   35.68
   27.12
   25.32
   27.58
   33.70
   29.62
   46.11
   34.23
   28.88
   30.28
   44.56
   41.27
   40.00
   26.61
   13.09
   31.41
   29.04
   32.22
   44.74
   24.57
   33.93
   36.24
   29.24
   22.00
   21.49
   40.95
   21.28
   42.36
   18.28
   28.94
   41.67
   36.32
   37.53
   41.19
   44.48
   29.69
   29.21
   25.21
   24.73
   24.49
   40.65
   36.30
   42.58
   35.47
   36.30
   21.62
   24.77
   42.19
   28.91
   21.13
   26.36
   33.15
   36.99
   36.36
   28.32
   14.97
   34.83
   30.80
   29.18
    6.63
   22.95
   49.06
   33.89
   18.27
   35.61
   44.23
   22.04
   33.83
   43.56
   23.11
   32.23
   34.38
   39.50
   31.46
   30.05
   27.80
   20.05
   36.71
   38.77
   28.21
   22.74
   28.61
   19.39
   35.52
   34.45
   25.55
   38.17
   37.07
   16.80
   37.18
   35.17
   39.59
   38.67
   27.71
   23.26
   18.52
   23.12
   31.69
   21.96
   20.44
   29.17
   40.58
   25.29
   19.81
   21.52
   36.07
   44.39
   40.39
   20.45
   46.48
   30.20
   32.55
   20.90
   37.43
   23.71
   20.71
   30.91
   47.70
   39.82
   22.63
   30.52
   44.79
   34.62
   29.27
   26.14
   12.02
   28.44
   19.24
   58.62
   33.07
   31.11
   37.65
   24.27
   29.97
   20.25
   39.42
   40.28
   36.13
   15.62
   30.17
   27.83
   28.54
   37.75
   27.24
   36.42
   35.48
   22.07
   39.55
   44.13
   28.72
   41.82
   40.05
   29.98
   43.21
   22.30
   27.54
   22.46
   38.59
   39.25
   40.79
   25.45
   30.11
   43.66
   25.95
   36.97
   36.42
   41.96
   30.24
   31.56
   50.73
   21.95
   14.43
   29.29
   28.67
   20.37
   19.20
   42.66
   35.91
   25.48
   32.29
   19.40
   37.92
   37.19
   41.55
   46.83
   26.63
   14.17
   37.00
   32.15
   34.46
   39.64
   19.37
   46.66
   39.47
   40.76
   23.21
   26.45
   22.58
   30.46
   29.68
   35.31
   33.51
   35.82
   42.47
   29.52
   20.76
   47.39
   37.25
   47.23
   48.94
   31.87
   36.99
   20.67
   25.27
   48.82
   23.85
   33.82
   43.79
   20.82
   38.79
   23.50
   47.90
   36.69
   17.21
   20.89
   35.15
   39.33
   27.87
   27.09
   32.82
   32.11
   28.28
   10.19
   36.15
   16.18
   15.00
   18.42
   36.49
   34.43
   39.32
   29.83
   42.37
   38.71
   25.72
   33.29
   20.47
   10.76
   47.21
   22.80
   37.32
   26.36
   36.35
   23.94
   39.36
   36.45
   12.89
   39.97
   12.18
   38.04
   36.79
   17.54
   33.91
   35.83
   36.93
   42.88
   27.68
   28.77
   23.86
   29.19
   31.26
   31.26
   24.77
   18.74
   25.80
   18.59
   26.54
   32.95
   18.99
   13.24
   24.87
   31.29
   36.94
   28.51
   22.08
   33.49
   26.97
   19.15
   22.42
   45.56
   36.32
   35.69
   24.35
   35.79
   35.21
   21.61
   51.79
   27.71
   27.18
   23.00
   35.69
   32.67
   40.59
   15.93
   37.19
   35.37
   16.59
   40.96
   36.02
   19.38
   40.07
   29.63
   34.97
   38.25
   38.18
   31.90
   36.19
   42.98
   20.79
   46.19
   36.01
   46.96
   36.72
   14.75
   38.80
   41.44
   42.06
   35.34
   32.81
   34.47
   17.76
   17.71
   27.16
   30.63
   37.57
   14.06
   24.48
   35.24
   18.06
   32.65
   49.44
   38.63
   26.67
   30.84
   39.03
   34.67
   29.53
   10.48
   33.33
   42.90
   18.51
   27.24
   44.56
   41.43
   37.09
   24.32
   37.96
   41.43
   32.53
   18.23
   17.11
   36.02
   36.45
   29.76
   35.87
   30.78
   46.09
   26.75
   41.62
   29.75
   13.21
   33.61
   22.95
   31.54
   39.46
   33.76
   38.86
   30.64
   42.54
   33.44
   14.49
   25.56
   38.72
   34.56
   19.30
   26.06
   38.66
   45.30
   36.14
   23.36
   30.40
   31.12
   37.56
   25.88
   36.54
   31.47
   30.80
   38.39
   17.37
   45.98
   19.49
   33.20
   52.64
   22.88
   41.14
   38.43
   29.00
   28.95
   29.98
   31.32
   34.73
   37.11
   37.18
   42.97
   37.29
   28.14
   38.30
   30.16
   35.84
   14.20
   36.64
   44.55
   47.66
   33.05
   22.81
   36.41
   23.24
   19.87
   39.79
   47.15
   24.15
   51.77
   41.19
   46.08
   28.62
   30.60
   37.46
   33.25
   26.50
   18.46
   30.46
   25.89
   25.90
   32.99
   38.88
   28.78
   26.01
   27.13
   30.82
   23.22
   24.75
   39.12
   26.46
   31.87
   37.82
   28.07
   29.99
   34.64
   35.74
   31.37
   19.41
   45.42
   20.17
   45.50
   17.77
   21.43
   36.47
   34.21
   36.05
   32.13
   43.10
   39.44
   27.62
   31.36
   31.40
   44.34
   19.17
   40.86
   30.30
   40.90
   22.99
   29.99
   42.49
   39.47
   38.46
   20.81
   34.74
   37.22
   30.35
   19.60
   39.46
   19.75
   37.28
   27.42
   26.95
   32.55
   27.50
   29.53
   31.01
   44.80
   20.28
   29.88
   30.40
   22.95
   27.82
   27.24
   30.22
   23.92
   21.50
   32.90
   36.06
   31.92
   41.29
   42.73
   41.52
   35.86
   43.02
   20.53
   37.03
   40.78
   37.19
   38.58
   21.58
   33.76
   42.25
   16.25
   24.56
   38.46
   30.56
   44.92
   39.19
   27.04
   16.98
   33.16
   42.49
   27.57
   26.12
   31.46
   34.61
   36.19
   43.90
   44.10
   20.71
   50.11
   29.79
   28.43
   42.49
   42.71
   37.71
   26.33
   45.67
   26.88
   29.92
   38.81
   35.82
   28.09
   40.48
   23.47
   33.46
   43.69
   23.43
   28.51
   33.76
   16.12
   20.48
   18.22
   33.61
   43.28
   17.81
   33.14
   40.19
   42.69
   14.17
   24.65
   21.63
   31.47
   41.27
   26.53
   24.94
   25.32
   42.90
   45.57
   33.92
   33.83
   37.41
   41.92
   45.62
   22.57
   41.21
   32.60
   33.94
   40.34
   37.78
   33.97
   34.32
   33.15
   41.05
   42.15
   25.11
   22.33
   42.26
   33.82
   38.16
   33.13
   35.55
   35.45
   52.82
   26.85
   36.08
   34.60
   18.96
   16.80
   30.08
   34.92
   32.56
   34.78
   34.48
   31.76
   33.09
   37.40
   24.82
   37.64
   40.47
   36.23
   24.13
   29.11
   26.56
   37.32
   26.20
   23.06
   31.05
   23.37
   33.68
   20.74
   22.77
   49.73
   15.89
   42.61
   37.96
   12.76
   33.03
   37.80
   28.84
   23.13
   41.17
   32.80
   41.19
   15.17
   27.45
   32.99
   20.34
   36.03
   29.26
   43.02
   37.99
   35.86
   40.14
   34.15
   39.06
   18.17
   35.82
   32.33
   13.48
   35.80
   10.89
   28.31
   42.09
   34.18
   46.80
   36.98
   24.20
   22.28
   33.52
   23.10
   32.49
   42.31
   33.81
   27.37
   29.14
   31.03
   38.36
   39.23
   22.58
   31.03
   14.75
   35.35
   28.44
   31.52
   34.29
   20.61
   29.08
   30.90
   38.15
   39.95
   37.73
   26.67
   24.23
   20.69
   37.91
   39.84
   27.67
   23.83
   30.26
   42.18
   31.16
   27.94
   25.17
   37.68
   25.28
   28.41
   42.80
   28.73
   37.51
   43.08
   32.28
   40.93
   34.51
   35.88
   27.84
   21.69
   26.34
   28.62
   39.86
   31.02
   38.53
   45.15
   31.36
   37.40
   14.22
   33.02
   42.22
   44.74
   36.33
   30.86
   37.81
   36.30
   28.39
   50.08
   30.37
   38.82
   33.19
   44.51
   32.68
   32.13
    8.35
   39.44
   37.41
   30.12
   28.73
   36.50
   39.28
   34.41
   34.32
   25.96
   39.77
   32.97
   25.42
   33.09
   37.92
   40.81
   23.21
   37.52
   31.97
   30.59
   17.51
   33.33
   34.88
   31.58
   21.31
   24.44
   40.63
   23.57
   34.42
   36.25
   32.71
   41.59
   38.53
   32.48
   22.91
   36.12
   18.79
   29.08
   43.35
   27.58
   35.24
   47.74
   37.76
   34.24
   42.60
   28.15
   39.69
   22.78
   29.60
   34.15
   34.84
   20.32
   25.13
   31.78
   37.93
   37.50
   44.63
   18.60
   22.97
   29.08
   34.87
   33.70
   29.62
   26.10
   41.57
   30.61
   35.63
   49.17
   34.42
   32.08
   34.21
   43.95
   17.29
   26.81
   43.02
   36.57
   32.71
   27.00
   33.09
   28.12
   35.55
   25.70
   39.73
   13.23
   37.13
   24.03
   29.42
   43.10
   36.61
   21.58
   21.49
   26.10
   31.43
   14.44
   32.26
   42.59
   38.30
   22.56
   40.54
   32.61
   41.65
   46.30
   36.27
   40.03
   45.60
   35.48
   41.21
   41.23
   41.66
   21.01
   26.77
   27.66
   33.72
   30.99
   40.26
   27.17
   21.80
   43.37
   41.16
   31.63
   24.05
   15.46
   41.21
   38.12
   21.74
   30.90
   30.19
   19.45
   26.73
   37.28
   27.15
   34.74
   31.12
   31.85
   27.86
   23.27
   19.25
   35.56
   32.53
   52.23
   36.93
   29.76
   34.02
   43.86
   61.03
   19.16
   35.91
   40.57
   34.79
   25.32
   38.15
   17.47
   34.72
   29.51
   38.22
   38.40
   41.44
   50.04
   40.21
   24.49
   32.57
   36.74
   41.16
   45.95
   26.94
   32.37
   41.58
   45.32
   40.05
   37.84
   40.02
   29.84
   40.58
   23.41
   44.81
   42.88
   39.10
   41.83
   34.72
   28.35
   23.30
   22.93
   20.23
   18.38
   25.06
   45.13
   35.40
   41.84
   37.21
   31.68
   16.45
   19.23
   35.93
   21.91
   36.75
   37.61
   40.06
   21.78
   34.29
   43.03
   28.07
   29.64
   33.27
   45.13
   17.16
   30.01
   30.86
   26.13
   37.10
   40.23
   35.95
   40.07
   21.39
   31.91
   29.40
   35.70
   43.29
   38.68
   42.08
   38.29
   37.44
   37.20
   19.76
   18.36
   28.86
   37.47
   39.98
   42.72
   29.61
   21.97
   23.45
   35.75
   38.27
   26.85
   19.91
   22.09
   37.16
   16.10
   23.62
   23.26
   32.09
   27.67
   27.28
   35.08
   34.85
   33.19
   49.81
   18.83
   38.47
   30.09
   28.60
   45.68
   41.18
   23.81
   24.99
   29.51
   26.51
   21.47
   29.65
   28.36
   46.99
   38.17
   25.21
   36.49
   42.39
   30.78
   36.68
   33.96
   16.05
   36.12
   26.92
   36.40
   39.58
   41.75
   33.16
   26.16
   44.05
   29.30
   43.89
   14.44
   19.01
   43.36
   43.40
   48.65
   30.35
   30.29
   42.55
   30.93
   33.63
   12.91
   15.03
   44.05
   13.80
   35.95
   28.82
   42.83
   24.16
   22.41
   23.11
   34.19
   50.97
   14.83
   21.93
   43.42
   38.59
   44.92
   51.38
   22.97
   29.25
   23.72
   21.19
   40.78
   22.88
   22.19
   44.93
   22.10
   37.08
   42.42
   30.68
   33.31
   36.21
   38.41
   25.52
   36.37
   39.12
   37.20
   27.21
   23.28
   47.26
   21.28
   19.29
   31.17
   37.56
   37.46
   15.71
   21.54
   25.34
   29.70
   29.73
   37.23
   26.82
   38.88
   16.91
   23.81
   27.03
   46.12
   38.71
   10.31
   25.91
   15.15
   46.09
   45.32
   20.09
   34.46
   28.83
   31.59
   30.77
   31.75
   22.00
   15.59
   34.03
   42.15
   30.21
   30.65
   46.44
   38.71
   20.35
   27.00
   41.57
   25.16
   18.08
   30.63
   31.70
   19.40
   33.08
   37.76
   16.30
   27.02
   24.88
   16.22
   33.58
   23.65
   21.77
   34.61
   22.37
   24.57
   28.73
   36.76
   40.00
   39.36
   20.67
   22.58
   45.47
   26.16
   37.30
   36.29
   20.37
   35.58
   14.78
   45.18
   36.05
   37.83
   40.70
   19.78
   16.51
   40.58
   27.08
   37.39
   44.09
   28.56
   48.94
   24.77
   16.22
   44.87
   30.79
   16.29
   47.44
   40.51
   37.37
   31.62
   19.66
   28.69
   21.71
   13.15
   30.69
   20.90
   36.41
   39.55
   38.98
   24.92
   21.33
   49.13
   33.83
   23.26
   41.86
   31.69
   42.23
   40.53
   25.74
   36.07
   42.08
   12.90
   14.02
   26.20
   34.49
   40.04
   33.25
   21.19
   30.86
   35.03
   21.40
   25.97
   19.74
   14.19
   21.17
   33.52
   22.61
   11.72
   38.61
   35.52
   36.23
   15.85
   35.23
   39.90
   47.92
   37.48
   32.51
   26.23
   31.83
   35.38
   38.25
   26.18
   20.96
   37.66
   13.53
   26.13
   22.39
   34.53
   44.26
   33.44
   39.25
   40.11
   35.30
   21.13
   39.04
   38.20
   41.42
   42.18
   39.05
   27.14
   30.23
   11.82
   50.99
   33.62
   40.50
   30.34
   39.60
   38.12
   44.17
   35.35
   11.77
   33.90
   25.44
   19.37
   45.65
   40.15
   34.61
   34.61
   30.97
   33.86
   36.18
   39.47
   38.54
   42.13
   25.31
   29.48
   40.94
   20.49
   38.14
   34.15
   34.46
   16.70
   26.36
   40.69
   36.60
   39.66
   26.55
   25.09
   48.50
   50.66
   25.63
   24.57
   22.70
   12.61
   40.42
   42.87
   41.92
   29.99
   41.22
   40.76
   14.41
   37.15
   24.12
   35.03
   43.33
   32.48
   38.89
   22.16
   29.85
   28.88
   48.93
   39.58
   37.67
   36.32
   28.93
   30.15
   36.07
   29.99
   35.10
   43.90
   34.97
   28.45
   26.92
   13.15
   35.60
   26.07
   32.66
   29.36
   33.16
   33.03
   38.23
   34.81
   40.03
   25.81
   44.19
   23.34
   54.39
   40.59
   32.62
   28.34
   40.46
   43.84
   27.77
   22.67
   38.30
   33.51
   24.52
   31.65
   39.33
   30.45
   26.89
   42.03
   34.03
   25.30
   37.87
   25.91
   14.69
   36.57
   32.57
   31.45
   36.62
   42.61
   27.17
   17.83
   24.64
   49.55
   37.57
   34.98
   44.77
   32.29
   40.62
   40.79
   29.84
   30.29
   47.13
   29.95
   34.29
   17.67
   40.94
   38.04
   27.53
   27.16
   27.61
   31.32
   41.77
   33.96
   29.41
   27.06
   32.67
   27.09
   40.50
   27.26
   41.77
   32.13
   21.34
   36.09
   26.62
   16.70
   32.25
   33.36
   32.59
   44.70
   36.62
   22.01
   34.90
   32.12
   37.11
   33.63
   31.80
   31.81
   23.66
   29.44
   41.76
   29.51
   40.87
   27.53
   20.34
   39.19
   28.45
   49.37
   44.63
   25.44
   30.37
   42.86
   27.93
   39.72
   45.07
   36.18
   36.58
   33.35
   30.81
   22.00
   47.33
   38.97
   27.88
   46.30
   16.90
   43.20
   23.50
   39.00
   36.84
   30.09
   31.71
   39.84
   20.36
   34.72
   43.63
   13.65
   44.35
   40.86
   45.67
   34.03
   36.76
   32.11
   37.57
   45.65
   42.90
   28.76
   38.71
   14.33
   18.70
   38.39
   46.89
   43.73
   23.38
   23.72
   29.31
   32.94
   39.70
   27.30
   30.39
   30.80
   46.43
   38.98
   39.03
   40.42
   22.11
   32.47
   38.05
   30.51
   24.47
   39.50
   27.82
   32.88
   21.17
   28.21
   27.40
   35.89
   40.31
   37.24
   35.78
   40.87
   42.74
   25.87
   41.32
   40.26
   42.17
   37.82
   26.61
   44.89
   42.17
   44.55
   35.02
   45.29
   38.58
   29.03
   25.73
   34.35
   36.00
   37.29
   32.44
   42.89
   26.48
   25.01
   46.43
   31.62
   32.29
   40.65
   40.86
   28.02
   42.96
   32.39
   24.27
   34.96
   26.12
   33.94
   36.86
   30.77
   46.22
   29.63
   20.90
   24.54
   39.15
   32.73
   41.15
   40.99
   20.04
   21.90
   36.73
   12.54
   34.93
   32.45
   12.09
   22.68
   18.76
   27.42
   49.19
   39.10
   19.01
   39.65
   24.76
   31.31
   13.52
   34.23
   28.68
   38.81
   31.81
   18.44
   34.74
   46.02
   15.81
   18.53
   36.92
   31.95
   37.54
   17.49
   30.99
   35.29
   39.94
   33.54
   38.79
   24.85
   26.06
   36.96
   32.84
   36.13
   28.17
   38.63
   32.55
   11.45
   21.90
   44.28
   28.29
   24.24
   22.57
   19.21
   44.05
   32.03
   47.18
   38.29
   31.47
   31.87
   37.88
   45.15
   31.24
   16.30
   42.01
   14.96
   36.01
   42.30
   29.20
   38.91
   20.87
   26.34
   40.74
   37.97
   12.00
   28.40
   30.21
   44.50
   46.24
   42.92
   30.56
   25.82
   21.15
   27.34
   44.18
   36.33
   40.17
   48.59
   38.20
   22.97
   25.83
   23.71
   43.56
   26.42
   50.90
   24.97
   20.39
   30.62
   26.31
   24.66
   38.95
   42.76
   37.97
   31.97
   22.65
   33.60
   27.09
   16.67
   21.93
   38.15
   37.25
   57.56
   37.43
   27.58
   25.37
   38.36
   27.71
   31.13
   27.53
   28.02
   18.70
   24.18
   40.33
   44.61
   32.22
   33.16
   34.63
   49.75
   28.73
   27.07
   34.62
   35.00
   18.17
   36.77
   30.41
   17.06
   21.98
   32.66
   32.03
   35.00
   30.31
   25.56
   11.07
   33.65
   38.56
   43.73
   21.02
   34.68
   24.55
   32.34
   31.87
   21.71
   22.29
   43.62
   44.00
   34.82
   33.51
   33.94
   39.09
   30.41
   35.07
   35.63
   31.64
   26.93
   24.35
   29.60
   31.42
   20.07
   19.10
   22.20
   38.72
   28.42
   34.39
   25.96
   37.16
   49.43
   35.41
   36.32
   22.91
   22.13
   32.09
   26.47
   30.78
   28.16
   32.14
   40.86
   40.95
   41.17
   32.34
   36.61
   26.45
   43.32
   25.47
   16.68
   33.89
   37.06
   26.67
   32.68
   21.63
   34.77
   22.15
   18.39
   24.67
   27.43
   30.26
   30.13
   27.62
   35.31
   33.34
   34.54
   46.13
   19.80
   25.88
   40.55
   39.89
   37.12
   30.07
   31.47
   37.98
   12.78
   29.13
   48.42
   31.93
   37.47
   19.23
   47.12
   32.09
   36.26
   18.52
   45.80
   36.32
   39.39
   30.15
   21.15
   35.21
   29.96
   29.58
   15.78
   39.14
   40.69
   24.33
   28.97
   30.44
   37.79
   42.67
   39.25
   40.97
   41.00
   35.09
   45.98
   35.64
   26.41
   34.18
   42.43
   37.01
   37.26
   16.51
   35.43
   32.96
   16.89
   27.92
   33.52
   43.22
   39.72
   27.38
   21.78
   33.25
   28.30
   20.12
   19.48
   37.11
   34.12
   37.69
   47.66
   16.80
   37.33
   33.12
   42.10
   30.85
   42.80
   28.65
   24.99
   37.29
   27.62
   17.26
   25.96
   31.67
   29.36
   32.89
   38.86
   35.11
   35.51
   33.88
   22.72
   44.38
   44.70
   43.42
   36.88
   34.85
   30.57
   43.42
   34.42
   29.31
   29.82
   40.30
   22.72
   32.53
   32.31
   30.94
   27.41
   39.08
   30.47
   24.57
   24.94
   44.92
   37.15
   34.24
   36.77
   23.99
   20.51
   36.37
   21.49
   30.98
   31.50
   43.65
   34.23
   33.60
   32.06
   42.31
   34.44
   32.79
   26.68
   31.15
   25.31
   40.85
   12.04
   29.57
   31.10
   38.18
   23.94
   36.39
   45.85
   29.42
   21.46
   24.69
   33.02
   32.34
   19.50
   33.05
   34.33
   18.45
   37.28
   37.36
   34.24
   29.69
   48.33
   35.75
   12.11
   28.68
   25.40
   18.39
   24.64
   22.37
   35.71
   28.33
   39.15
   35.73
   48.61
   36.68
   35.41
   22.76
   33.54
   14.76
   24.02
   24.70
   38.58
   26.58
   38.96
   40.80
   42.55
   20.25
   37.63
   26.53
   38.88
   32.43
   42.85
   24.29
   30.92
   40.13
   19.00
   36.57
   25.44
   18.07
   16.17
   33.11
   34.97
   34.48
   44.67
   36.41
   40.21
   15.78
   20.70
   20.84
   40.68
   33.57
   25.78
   39.03
   20.45
   25.03
   31.18
   31.13
   16.50
   25.47
   31.03
   45.07
   24.07
   26.34
   24.98
   39.52
   37.41
   40.66
   29.86
   41.12
   33.14
   13.47
   26.96
   24.45
   40.67
   16.70
   38.09
   55.93
   30.01
   41.24
   47.41
   28.54
   17.05
   34.95
   23.29
   37.13
   44.58
   32.50
   43.79
   46.82
   46.20
   35.18
   26.59
   53.72
   25.00
   49.24
   27.19
   38.10
   14.34
   38.01
   13.45
   35.50
   19.36
   22.79
   34.01
   36.52
   30.71
   42.79
   26.53
   37.97
   37.03
   27.42
   38.48
   31.33
   34.64
   38.94
   26.67
   40.43
   27.73
   27.44
   22.68
   39.99
   17.71
   36.21
   26.47
   39.43
   30.51
   25.38
   18.22
   34.99
   26.75
   35.14
   25.31
   47.31
   26.38
   35.26
   27.03
   31.30
   40.73
   15.31
   30.11
   27.32
   43.74
   38.44
   19.08
   18.94
   33.59
   34.28
   32.50
   31.66
   18.77
   35.69
   14.99
   36.58
   40.47
   27.87
   25.52
   33.89
   15.23
   14.00
   28.45
   38.28
   29.62
   39.69
   18.59
   15.24
   33.17
   34.31
   38.82
   34.25
   37.60
   38.12
   39.60
   28.36
   32.92
   25.71
   24.04
   30.20
   20.80
   42.27
   25.38
   16.06
   33.35
   33.07
   25.16
   44.79
   42.78
   28.87
   34.84
   42.38
   28.38
   53.20
   40.17
   36.33
   43.03
   43.53
   44.02
   31.80
   35.83
   43.39
   35.72
   20.82
   39.28
   30.35
   41.36
   24.34
   29.44
   37.08
   28.76
   15.28
   28.79
   31.59
   32.11
   24.19
   22.53
   21.32
   22.46
   28.33
   39.55
   32.42
   34.35
   39.91
   18.96
   11.10
   32.54
   35.87
   19.32
   26.57
   20.78
   39.24
   34.53
   30.28
   20.06
   34.47
   17.99
   34.71
   27.10
   50.04
   38.74
   14.02
   24.25
   42.58
   36.97
   37.30
   30.72
   17.49
   33.27
   49.65
   14.46
   40.32
   42.88
   27.94
   25.55
   40.84
   38.54
   27.57
   30.35
   27.97
   38.76
   33.35
   30.29
   42.05
   34.60
   25.85
   26.54
   37.39
   37.12
   41.56
   23.68
   18.73
   34.01
   25.40
   39.16
   38.35
   34.10
   23.56
   41.42
   38.37
   42.48
   34.86
   30.26
   33.54
   45.61
   31.63
   14.82
   41.42
   29.29
   34.01
   35.08
   38.48
   24.46
   30.80
   42.42
   26.44
   43.34
   51.79
   47.25
   27.94
   40.58
   42.29
   30.30
   41.66
   32.58
   35.52
   34.97
   25.83
   26.98
   17.90
   35.04
   33.44
   15.14
   38.61
   38.94
   33.96
   30.39
   36.55
   22.94
   34.63
   18.26
   24.48
   20.62
   35.98
   36.80
   31.64
   30.25
   40.11
   38.23
   34.37
   22.31
   37.54
   16.41
   33.49
   22.76
   34.36
   38.71
   34.89
   34.51
   19.62
   29.51
   39.58
   31.04
   42.44
   28.18
   29.70
   33.95
   34.13
   32.24
   41.06
   22.06
   26.74
   31.77
   20.17
   28.63
   29.69
   38.06
   36.96
   23.52
   30.44
   43.59
   18.53
   28.46
   31.73
   33.79
   36.18
   32.03
   37.49
   30.29
   14.44
   28.77
   36.27
   37.55
   42.75
   27.11
   32.56
   27.73
   33.01
   40.00
   43.63
   29.52
   29.89
   28.56
   32.39
   27.23
   32.97
   29.13
   24.49
   24.65
   19.64
   44.62
   29.50
   44.57
   34.22
   23.16
   30.74
   43.71
   40.86
   43.27
   44.61
   14.42
   35.60
   36.17
   31.63
   32.89
   31.88
   33.92
   14.33
   44.41
   44.25
   24.77
   20.63
   48.31
   31.70
   44.55
   31.85
   43.38
   21.29
   25.89
   30.42
   32.15
   36.92
   39.14
   36.75
   30.98
   30.26
   43.45
   41.72
   18.29
   45.55
   17.27
   18.32
   34.49
   31.06
   33.19
   36.24
   18.57
   38.18
   34.07
   17.66
   20.00
   28.26
   38.47
   28.73
   25.48
   35.55
   39.01
   53.72
   13.24
   26.23
   37.03
   39.74
   40.38
   45.25
   37.54
   26.90
   32.21
   30.36
   31.18
   29.02
   35.51
   42.83
   46.19
   34.58
   18.05
   36.73
   33.42
   19.21
   34.23
   21.26
   44.47
   25.05
   40.80
   27.40
   27.93
   31.62
   28.87
   32.41
   25.95
   28.98
   32.25
   31.55
   22.80
   39.21
   39.86
   23.13
   40.15
   39.75
   38.66
   31.96
   36.65
   40.58
   28.66
   21.56
   37.96
   45.99
   34.75
   32.55
   35.18
   38.33
   50.56
   39.76
   34.14
   33.96
   29.77
   36.40
   30.65
   11.98
   31.85
   34.23
   34.76
   26.06
   29.04
   40.88
   35.29
   41.51
   39.98
   36.75
   31.87
   13.34
   47.55
   39.20
   28.55
   20.86
   21.19
   16.15
   40.71
   40.98
   37.05
   32.37
   28.29
   12.11
   34.80
   37.73
   32.37
   35.44
   21.23
   21.02
   31.72
   19.76
   16.99
   11.40
   27.07
   35.98
   32.46
   24.18
   44.27
   11.97
   34.88
   21.93
   26.95
   38.26
   39.18
   25.88
   20.39
   31.51
   44.53
   37.24
   37.38
   50.14
   29.81
   29.42
   23.69
   37.46
   31.95
   23.45
   43.05
   25.02
   44.34
   30.01
   23.20
   35.73
   22.89
   35.67
   22.79
   19.44
   30.88
   34.31
   24.55
   25.11
   36.54
   23.56
   34.37
   36.54
   36.74
   24.38
   19.63
   27.46
   25.84
   39.63
   12.92
   28.14
   36.69
   33.64
   25.61
   30.56
   39.14
   41.83
   39.07
   15.63
   29.32
   29.86
   37.65
   21.07
   36.52
   48.60
   42.32
   48.19
   35.04
   25.59
   31.82
   30.56
   34.59
   40.13
   45.83
   12.82
   40.82
   32.83
   34.00
   44.88
   44.01
   38.42
   16.70
   17.35
   49.50
   35.99
   42.75
   17.28
   32.26
   38.14
   28.67
   28.44
   26.55
   29.58
   39.08
   24.68
   34.85
   28.60
   37.72
   46.25
   17.74
   17.50
   30.05
   17.96
   30.23
   32.96
   36.20
   43.82
   13.07
   35.14
   31.12
   29.78
   36.99
   27.15
   30.35
   37.77
   26.94
   43.66
   34.39
   29.97
   37.97
   38.44
   34.43
   35.59
   42.81
   16.36
   42.38
   43.28
   31.87
   42.10
   20.95
   33.34
   26.49
   34.24
   36.77
   31.92
   25.41
   35.81
   14.48
   23.50
   39.26
   25.83
   43.39
   29.61
   31.72
   34.36
   33.42
   32.60
   30.93
   34.49
   26.33
   39.19
   20.48
   30.93
   28.26
   46.47
   41.06
   33.77
   25.11
   48.28
   36.27
   42.13
   29.56
   52.83
   35.83
   33.98
   37.05
   26.36
   28.73
   45.60
   32.19
   18.56
   34.28
   36.03
   33.82
   33.09
   14.40
   30.13
   36.27
   26.19
   24.80
   41.23
   36.90
   22.45
   23.16
   30.35
   48.54
   42.63
   33.99
   23.46
   21.28
   32.64
   24.18
   19.17
   37.79
   38.41
   38.68
   45.86
   33.81
   28.37
   32.36
   35.41
   39.57
   21.28
   15.64
   37.03
   43.30
   28.82
   24.64
   34.52
   37.89
   20.73
   29.22
   30.85
   47.46
   17.80
   26.02
   17.75
   40.63
   43.79
   15.78
   35.16
   39.47
   24.70
   41.37
   29.52
   33.62
   26.93
   36.46
   37.99
   31.60
   27.86
   22.82
   40.91
   34.88
   35.11
   42.44
   34.26
   12.95
   17.24
   25.34
   52.27
   26.91
   31.62
   27.60
   35.09
   10.99
   21.01
   40.45
   17.33
   45.71
   27.01
   40.08
   45.29
   36.60
   30.64
   25.94
   33.49
   25.94
   24.70
   38.05
   13.39
   30.94
   29.96
   25.98
   39.86
   32.70
   26.76
   43.76
   28.88
   42.84
   15.33
   45.20
   33.23
   36.73
   36.04
   36.97
   44.54
   15.41
   43.36
   31.56
   44.24
   31.35
   25.92
   37.23
   14.53
   29.54
   41.31
   40.93
   41.30
   24.37
   30.77
   20.46
   20.26
   38.52
   43.31
   32.21
   36.71
   32.51
   24.86
   23.86
   34.33
   15.10
   32.48
   42.42
   40.30
   46.08
   40.06
   41.97
   38.37
   31.50
   41.28
   38.67
   26.90
   26.67
   34.01
   27.31
   39.49
   34.60
   37.16
   36.80
   45.91
   29.40
   37.72
   34.56
   28.92
   30.95
   16.81
   16.88
   20.78
   18.23
   31.87
   23.57
   31.20
   12.69
   44.41
   47.07
   27.12
   36.98
   35.09
   40.92
   22.99
   27.74
   33.52
   23.32
   14.99
   30.72
   30.47
   27.37
   27.24
   38.43
   33.61
   29.90
   38.83
   43.98
   24.44
   23.16
   34.61
   17.67
   36.86
   29.81
   34.99
   31.47
   39.73
   36.32
   21.57
   34.39
   21.22
   35.97
   29.85
   21.16
   16.89
   23.04
   29.68
   50.54
   30.13
   42.43
   23.16
   35.58
   26.99
   33.56
   22.20
   41.19
   22.48
   17.69
   49.21
   29.17
   27.90
   29.06
   23.34
   23.96
   40.99
   34.74
   40.65
   24.32
   35.57
   43.72
   14.01
   32.18
   14.88
   21.06
   27.06
   21.61
   27.13
   30.78
   25.85
   23.22
   45.20
   33.20
   14.29
   39.45
   48.49
   40.12
   36.72
   24.37
   18.01
   43.70
   16.65
   25.79
   33.88
   30.53
   20.10
   26.78
   49.68
   47.20
   33.56
   32.58
   32.71
   25.51
   42.54
   16.13
   44.97
   38.84
   28.65
   39.96
   39.98
   41.44
   41.17
   35.47
   25.65
   38.04
   37.57
   42.08
   21.44
    8.90
   37.36
   24.94
   31.39
   25.86
   29.22
   27.42
   28.52
   31.16
   14.51
   34.14
   35.57
   45.63
   18.29
   21.69
   39.81
   48.53
   29.90
   33.61
   45.03
   19.59
   34.03
   32.14
   39.19
   36.21
   44.24
   27.88
   40.87
   44.61
   27.98
   41.44
   31.56
   37.57
   30.57
   36.50
   29.21
   31.05
   34.16
   29.90
   33.23
   30.57
   28.85
   23.79
   30.14
   40.73
   33.18
   22.64
   32.95
   24.08
   22.81
   21.96
   32.99
   38.42
   26.00
   24.72
   19.09
   34.26
   31.51
   27.33
   36.73
   35.38
   35.16
   19.64
   33.42
   42.52
   47.61
   34.54
   37.99
   18.42
   27.88
   20.78
   30.37
   46.73
   12.13
   31.41
   40.56
   19.99
   41.17
   27.19
   30.84
   30.70
   33.09
   44.16
   31.88
   32.63
   36.46
   33.28
   27.20
   40.49
   33.36
   32.52
   29.43
   19.96
   24.64
   22.40
   23.25
   25.40
   39.97
   31.42
   22.02
   22.41
   28.27
   16.24
   44.87
   21.68
   29.10
   29.66
   36.17
   40.06
   26.09
   22.27
   20.59
   33.02
   32.86
   22.48
   19.67
   23.88
   25.45
   29.32
   18.84
   43.15
   36.48
   12.66
   39.05
   28.18
   36.38
   30.88
   30.39
   25.62
   45.53
   39.96
   37.58
   19.91
   36.05
   27.35
   22.20
   44.06
   47.61
   19.80
   30.91
   37.78
   28.23
   31.06
   25.92
   31.13
   33.80
   22.11
   35.70
   23.38
   39.13
   30.80
   18.83
   35.34
   42.36
   28.46
   26.68
   42.01
   19.16
   39.04
   27.96
   29.70
   40.63
   30.17
   40.86
   31.44
   21.85
   36.45
   35.49
   27.31
   33.54
   31.08
   37.11
   28.23
   40.63
   45.95
   49.39
   44.93
   34.58
   49.52
   37.08
   28.53
   40.63
   44.47
   27.87
   31.86
   20.33
   50.09
   34.48
   27.60
   35.46
   33.50
   24.39
   28.59
   37.87
   26.78
   37.66
   34.75
   19.97
   34.90
   38.35
   47.31
   51.81
   42.41
   35.14
   30.15
   23.67
   34.33
   38.56
   39.29
   30.72
   22.18
   32.20
   38.82
   27.90
   46.08
   17.61
   33.72
   42.48
   25.20
   24.39
   44.69
   28.03
   32.67
   35.42
   30.60
   44.00
   33.78
   32.22
   42.11
   20.24
   45.50
   24.61
   19.71
   37.17
   24.87
   30.40
   24.20
   37.82
   24.81
   31.18
   25.83
   29.16
   36.05
   21.46
   36.66
   36.90
   32.31
   42.26
   32.17
   37.76
   40.82
   17.11
   24.60
   40.44
   34.59
   30.39
   40.51
   30.47
   28.03
   31.10
   36.30
   30.95
   40.56
   37.48
   35.46
   20.68
   35.67
   25.50
   38.03
   25.63
   39.28
   17.90
   38.15
   30.69
   39.84
   31.63
   41.17
   31.69
   29.18
   26.66
   40.62
   27.58
   33.86
   10.33
   34.42
   36.13
   28.84
   35.40
   40.73
   46.65
   12.53
   40.52
   32.37
   37.09
   18.85
   24.72
   16.34
   30.23
   32.60
   30.92
   27.38
   34.35
   26.91
   35.19
   39.77
   22.72
   35.51
   38.13
   40.68
   39.91
   46.13
   39.13
   48.45
   52.92
   11.53
   19.06
   30.02
   30.04
   28.74
   26.73
   19.13
   41.22
   34.89
   23.82
   37.09
   26.89
   29.65
   38.60
   32.34
   42.70
   33.83
   29.06
   44.25
   46.53
   32.84
   44.99
   39.72
   33.56
   17.46
   26.88
   13.37
   22.95
   32.26
   38.78
   50.91
   25.65
   30.00
   31.40
   22.17
   37.89
   44.49
   24.91
   41.50
   16.74
   40.68
   28.72
   24.13
   43.08
   41.35
   37.84
   21.78
   30.87
   40.72
   31.63
   43.59
   43.38
   13.53
   31.41
   35.76
   25.44
   25.16
   36.85
   16.45
   22.36
   37.88
   41.61
   29.88
   26.61
   30.15
   47.49
   38.62
   30.18
   30.01
   15.64
   43.44
   32.77
   33.89
   48.67
   21.62
   37.45
   31.62
   31.72
   28.73
   25.27
   30.27
   37.73
   36.88
   26.42
   36.62
   20.15
   34.20
   16.30
   29.20
   32.69
   23.70
   44.77
   30.79
   31.20
   40.89
   38.93
   12.94
   36.45
   32.64
   36.63
   40.45
   42.89
   33.76
   33.71
   29.87
   39.84
   17.26
   45.02
   35.13
   39.83
   25.58
   45.44
   37.57
   33.72
   11.80
   15.20
   31.08
   35.98
   32.27
   27.38
   25.96
   28.10
   29.32
   30.53
   34.42
   33.72
   37.94
   17.52
   37.61
   35.03
   53.36
   31.18
   22.98
   43.35
   33.53
   27.66
   20.87
   40.21
   22.40
   19.36
   42.05
   38.48
   37.88
   40.98
   13.65
   22.72
   32.78
   32.07
   30.09
   23.32
   24.17
   40.37
   15.98
   40.05
   38.99
   39.58
   40.55
   23.71
   33.09
   37.07
   26.23
   39.40
   18.56
   39.90
   29.80
   14.32
   33.92
   34.04
   12.43
   27.67
   34.78
   43.62
   28.33
   20.38
   24.79
   39.97
   30.80
   24.79
   44.52
   37.76
   37.44
   21.56
   29.79
   27.01
   18.55
   41.59
   33.27
   39.04
   33.96
   15.87
   29.90
   22.70
   41.33
   21.70
   33.91
   35.00
   40.71
   44.79
   25.42
   30.14
   32.99
   13.02
   35.06
   19.50
   19.55
   42.35
   36.70
   37.40
   33.05
   17.21
   37.61
   39.34
   40.88
   14.28
   45.13
   32.05
   36.81
   23.48
   32.26
   23.09
   35.46
   35.82
   24.82
   38.06
   29.63
   23.71
   34.05
   36.70
   36.27
   39.29
   37.15
   37.53
   33.40
   33.61
   39.84
   19.51
   34.49
   20.75
   40.72
   39.95
   33.10
   31.74
   43.39
   39.72
   17.68
   12.69
   44.28
   21.46
   48.08
   27.58
   29.91
   30.37
   34.04
   26.92
   25.12
   43.01
   38.49
   35.39
   10.65
   47.42
   23.37
   24.95
   32.73
   30.65
   43.80
   30.15
   39.95
   38.46
   22.36
   46.41
   34.06
   24.21
   37.30
   47.83
   28.22
   33.92
   33.61
   36.96
   21.59
   36.52
   43.11
   27.53
   30.93
   23.20
   28.42
   36.26
   28.54
   31.42
   39.32
   32.80
   41.83
   39.23
   39.59
   39.05
   29.75
   20.20
   35.63
   24.97
   44.35
   35.85
   33.79
   21.84
   35.87
   24.14
   38.52
   30.85
   38.19
   35.47
   37.19
   36.30
   35.32
   36.63
   35.45
   21.23
   37.71
   40.27
   30.87
   24.47
   12.93
   39.58
   27.97
   17.86
   35.11
   37.20
   42.63
   42.19
   37.79
   33.13
   40.19
   48.04
   14.61
   45.07
   21.78
   31.85
   33.06
   26.57
   27.16
   30.72
   22.64
   26.39
   45.43
   31.58
   18.72
   14.99
   37.23
   14.64
   31.43
   40.93
   24.94
   26.31
   25.92
   40.34
   19.39
   41.36
   40.73
   38.27
   28.96
   35.86
   17.22
   22.37
   38.58
   47.53
   39.49
   33.15
   31.57
   44.31
   24.12
   45.91
   29.55
   25.49
   27.91
   38.95
   40.88
   29.40
   45.77
   45.09
   24.23
   36.85
   34.46
   40.74
    9.70
   27.84
   37.34
   38.61
   42.84
   35.53
   38.04
   21.85
   28.36
   42.86
   39.46
   20.07
   33.38
   37.35
   30.60
   40.22
   12.79
   44.57
   24.48
   47.54
   41.23
   32.02
   17.02
   21.01
   21.53
   24.01
   28.05
   32.63
   22.27
   28.07
   27.77
   38.07
   39.08
   34.26
   32.12
   34.15
   12.52
   31.07
   14.80
   34.24
   36.09
   33.54
   41.95
   30.62
   42.80
   32.00
   37.54
   26.75
   37.42
   26.73
   34.63
   39.03
   29.62
   20.88
   44.81
   27.02
   27.22
   26.34
   34.18
   33.93
   32.06
   21.53
   15.59
   33.01
   17.36
    9.60
   48.51
   44.63
   23.02
   37.10
   32.29
   17.65
   16.07
   35.04
   38.28
   23.15
   39.56
   50.55
   19.14
   40.70
   35.68
   36.93
   32.79
   37.67
   26.18
   31.88
   29.81
   26.39
   28.59
   26.70
   40.53
   41.18
   45.27
   29.86
   30.84
   23.70
   23.32
   15.87
   27.22
   32.29
   14.49
   39.77
   44.69
   14.94
   48.55
   37.33
   30.57
   13.53
   45.36
   24.91
   43.43
   35.02
   34.52
   39.51
   33.42
   38.17
   29.72
   33.97
   40.39
   23.06
   44.85
   39.95
   24.71
   36.00
   31.42
   28.54
   44.03
   42.54
   31.04
   21.81
   36.82
   34.29
   16.39
   35.83
   25.43
   13.08
   34.76
   25.87
   38.05
   45.25
   30.94
   43.98
   32.21
   41.76
   39.33
   30.02
   32.39
   35.79
   44.92
   14.52
   40.24
   17.76
   31.63
   29.06
   13.15
   44.23
    9.23
   17.47
   44.04
   43.28
   33.34
   31.54
   34.71
   41.08
   28.13
   35.78
   33.82
   39.28
   34.34
   41.79
   37.15
   18.09
   37.89
   19.63
   35.25
   27.65
   35.26
   19.38
   20.68
   37.20
   32.60
   52.21
   26.14
   39.02
   35.60
   17.69
   32.27
   48.45
   37.85
   10.91
   33.83
   31.46
   24.99
   45.04
   29.71
   35.71
   27.85
   39.48
   37.85
   27.79
   15.91
   43.71
   39.98
   44.63
   39.24
   35.47
   42.42
   31.02
   28.60
   43.17
   40.67
   17.86
   37.48
   37.82
   20.45
   22.51
   33.06
   35.04
   43.21
   34.83
   36.85
   16.67
   30.44
   26.07
   26.12
   29.01
   36.47
   32.62
   23.98
   13.87
   29.10
   25.42
   41.00
   37.16
   33.89
   17.49
   37.66
   41.76
   35.98
   27.83
   40.49
   38.03
   24.26
   34.40
   28.54
   28.30
   26.98
   20.47
   20.03
   41.79
   33.96
   15.22
   52.74
   23.21
   37.66
   20.93
   27.47
   11.54
   25.53
   40.22
   20.14
   30.84
   37.33
   33.30
   45.91
   28.30
   23.05
   31.12
   19.33
   33.89
   27.34
   37.78
   37.16
   14.71
   23.78
   20.44
   38.71
   30.03
   40.97
   34.90
   24.45
   38.79
   29.92
   26.94
   50.46
   35.82
   41.85
   33.52
   14.73
   20.81
   41.96
   15.63
   33.24
   37.38
   14.18
   17.22
   25.53
   26.91
   42.02
   30.13
   34.27
   32.46
   26.94
   21.43
   35.68
   32.02
   30.15
   35.62
   29.79
   17.10
   34.54
   42.02
   28.97
   27.84
   29.68
   43.98
   37.10
   33.17
   37.41
   41.95
   39.78
   26.39
   23.77
   33.65
   43.50
   29.40
   35.67
   44.43
   39.48
   12.45
   33.42
   46.93
   12.70
   35.13
   37.08
   27.10
   45.08
   30.61
   32.37
   49.12
   27.33
   37.34
   40.14
   29.57
   32.94
   28.32
   19.93
   39.01
   32.53
   28.02
   35.02
   51.35
   43.09
   27.46
   32.25
   37.80
   35.56
   45.24
   48.46
   22.93
   24.78
   34.37
   26.93
   26.47
   27.14
   35.80
   26.63
   32.56
   13.40
   36.11
   42.96
   48.86
   37.09
   19.91
   29.95
   30.21
   29.96
   16.33
   47.32
   31.17
   31.47
   45.60
   30.59
   14.97
   37.01
   38.60
   28.74
   24.40
   50.96
   24.77
   42.11
   34.53
   24.20
   18.40
   21.48
   31.04
   43.86
   37.10
   19.15
   34.27
   21.29
   36.19
   30.35
   49.54
   36.75
   14.07
   19.13
   17.44
   30.68
   41.44
   30.89
   37.05
   16.71
   29.15
   19.52
   39.79
   35.83
   42.93
   35.48
   25.64
   31.74
   29.32
   36.08
   43.08
   40.39
   32.39
   43.58
   30.20
   35.19
   31.29
   42.13
   29.33
   32.54
   44.77
   27.77
   24.84
   35.29
   41.86
   26.34
   22.33
   41.99
   52.09
   39.25
   36.17
   35.51
   40.65
   31.99
   16.42
   38.03
   30.31
   42.06
   21.81
   49.89
   36.32
   43.23
   34.02
   25.70
   24.20
   16.76
   32.78
   40.04
   39.80
   43.72
   31.31
   36.06
   29.16
   44.67
   44.35
   33.03
   26.73
   11.81
   39.45
   43.65
   36.82
   44.82
   40.66
   29.34
   40.56
   41.36
   36.26
   27.72
   29.04
   47.10
   29.25
   34.43
   25.36
   36.24
   41.11
   17.29
   26.13
   29.13
   48.26
   40.58
   36.88
   31.57
   42.30
   45.94
   46.75
   22.86
   29.73
   38.00
   36.13
   29.52
   26.99
   12.77
   30.60
   32.69
   37.69
   40.86
   19.88
   32.88
   35.20
   16.04
   16.69
   14.22
   35.07
   30.56
   14.87
   40.76
   47.03
   32.22
   22.10
   17.51
   15.70
   23.23
   33.75
   42.95
   29.80
   34.17
   39.04
   32.39
   32.96
   44.29
   32.84
   23.76
   14.24
   43.11
   32.05
   31.96
   40.46
   34.52
   39.14
   19.91
   38.97
   23.28
   15.71
   34.48
   43.93
   43.50
   32.25
   34.83
   26.42
   25.74
   28.08
   47.99
   40.23
   22.38
   36.57
   22.46
   27.56
   35.34
   37.70
   26.47
   18.98
   17.35
   13.37
   38.03
   23.64
   40.19
   40.17
   41.98
   42.13
   21.12
   37.38
   36.05
   30.85
   37.44
   37.73
   24.05
   34.06
   30.25
   19.24
   38.47
   16.90
   33.22
   29.07
   31.85
   28.69
   33.09
   30.39
   26.43
   37.53
   33.55
   33.27
   20.69
   35.42
   31.45
   13.62
   28.73
   29.52
   37.10
   31.37
   33.84
   32.04
   26.65
   43.33
   16.06
   37.36
   37.13
   21.76
   35.18
   40.20
   20.72
   46.88
   32.64
   17.69
   34.10
   35.31
   42.39
   36.02
   44.89
   24.91
   36.24
   43.25
   31.10
   14.51
   31.58
   30.08
   26.44
   27.10
   33.87
   30.35
   28.56
   40.98
   22.27
   25.03
   23.68
   40.71
   14.91
   40.51
   29.72
   35.08
   24.02
   24.40
   29.91
   27.65
   25.90
   35.43
   30.11
   15.25
   22.90
   46.21
   21.71
   37.70
   21.80
   22.91
   37.88
   42.88
   39.94
   35.79
   19.87
   44.11
   18.76
   14.28
   43.50
   37.87
   20.63
   48.27
   28.22
   32.08
   39.52
   23.84
   41.13
   40.13
   32.54
   27.88
   15.90
   29.37
   28.85
   23.56
   29.14
   48.28
   19.29
   30.35
   37.62
   26.96
   22.23
   42.07
   33.64
   26.60
   35.93
   30.42
   44.64
   31.04
   18.31
   49.39
   29.11
   34.27
   23.05
   31.55
   46.53
   32.17
   18.88
   37.27
   44.37
   31.20
   37.04
   38.88
   27.79
   39.73
   30.86
   24.15
   45.75
   26.00
   37.79
   27.75
   41.47
   37.64
   43.28
   46.29
   27.36
   27.61
   33.88
   27.00
   42.63
   43.01
   34.12
   36.74
   29.81
   40.95
   41.89
   41.58
   14.12
   48.42
   42.89
   15.95
   29.95
   39.49
   16.72
   28.17
   17.67
   34.32
   40.53
   22.63
   32.24
   45.88
   36.61
   38.60
   29.57
   19.77
   36.44
   40.36
   56.53
   29.25
   34.01
   32.72
   36.45
   39.84
   26.56
   44.50
   33.86
   30.08
   47.38
   14.08
   37.42
   35.39
   37.93
   35.14
   29.01
   21.84
   27.56
   30.70
   39.28
   16.05
   32.58
   46.71
   38.94
   28.98
   24.53
   34.48
   14.54
   34.63
   37.04
   23.16
   43.45
   30.97
   40.68
   39.08
   22.41
   36.89
   34.86
   34.53
   28.42
   19.25
   34.33
   40.55
   29.09
   31.98
   30.24
   27.18
   17.44
   40.60
   41.61
   13.68
   32.19
   41.49
   33.25
   28.25
   20.39
   37.12
   30.47
   44.04
   28.17
   37.13
   25.30
   39.88
   31.71
   36.76
   30.78
   27.42
   14.72
   29.66
   29.66
   21.44
   33.92
   32.44
   15.05
   15.52
   21.13
   27.07
   30.96
   41.72
   31.74
   28.69
   40.64
   21.37
   35.75
   22.18
   32.02
   39.45
   24.94
   12.67
   37.81
   38.27
   40.39
   43.58
   23.40
   40.14
   30.41
   34.46
   23.47
   32.41
   25.78
   35.21
   36.97
   20.46
   31.21
   35.49
   37.21
   44.16
   25.83
   33.23
   13.27
   41.95
   15.75
   31.12
   34.26
   34.44
   26.38
   14.65
   28.32
   23.42
   32.19
   44.99
   19.46
   33.87
   25.78
   36.54
   29.35
   28.57
   26.08
   31.69
   19.85
   27.52
   21.35
   25.51
   35.85
   41.65
   25.65
   19.28
   39.16
   36.24
   31.59
   32.03
   43.22
   25.66
   35.21
   39.18
   49.63
   24.05
   18.03
   38.47
   21.80
   20.24
   20.89
   40.02
   46.56
   27.66
   34.27
   32.29
   48.60
   33.27
   30.84
   51.86
   43.02
   25.07
   32.77
   33.37
   19.76
   22.95
   28.67
   46.53
   21.50
   35.31
   31.48
   25.09
   18.23
   20.78
   30.19
   33.68
   33.33
   33.45
   30.15
   44.38
   43.80
   33.04
   34.78
   31.88
   32.52
   30.63
   25.89
   34.05
   25.82
   30.06
   35.04
   33.79
   35.94
   37.23
   16.67
   28.68
   18.21
   16.09
   34.65
   30.74
   29.69
   16.41
   31.71
   39.73
   22.76
   19.96
   14.97
   35.03
   14.40
   21.12
   25.18
   19.25
   32.74
   36.47
   29.24
   30.55
   24.26
   29.32
   27.39
   41.02
   17.32
   31.22
   35.07
   46.28
   36.88
   31.80
   23.88
   34.51
   17.29
   38.15
   28.37
   41.37
   31.82
   41.80
   36.45
   46.98
   41.82
   21.37
   16.23
   39.86
   32.29
   37.56
   23.87
   30.88
   31.83
   39.01
   28.51
   37.54
   38.82
   31.22
   25.70
   22.27
   33.87
   24.10
   34.04
   38.24
   31.89
   16.05
   35.85
   45.96
   26.26
   34.97
   20.05
   30.49
   38.53
   31.60
   27.75
   38.52
   14.86
   36.09
   24.40
   46.60
   27.90
   28.26
   34.74
   33.47
   33.59
   35.17
   24.75
   21.37
   33.40
   42.04
   39.14
   18.17
   42.65
   36.24
   39.05
   37.74
   27.71
   17.69
   41.42
   32.53
   23.54
   26.02
   35.98
   29.06
   34.59
   38.64
   33.16
   45.52
   27.65
   36.17
   36.85
   35.74
   35.37
   19.10
   32.95
   21.11
   33.53
   34.73
   42.93
   41.19
   29.85
   16.25
   36.42
   38.69
   36.66
   40.79
   26.15
   37.59
   37.29
   36.04
   25.77
   43.95
   51.41
   32.44
   39.23
   22.33
   39.74
   38.54
   26.96
   48.39
   30.53
   30.20
   40.67
   35.89
   44.46
   12.10
   43.25
   20.37
   38.82
   30.41
   30.36
   45.48
   27.48
   41.93
   36.84
   25.97
   28.58
   37.30
   26.50
   31.61
   36.03
   41.42
   31.94
   39.64
   45.84
   33.18
   36.22
   14.83
   40.10
   38.14
   31.01
   24.47
   41.82
   18.06
   41.39
   40.24
   35.02
   20.99
   12.69
   40.38
   25.67
    9.92
   34.40
   23.45
   30.61
   28.55
   24.09
   39.80
   28.15
   33.89
   42.75
   26.74
   28.13
   16.67
   34.52
   34.79
   31.45
   35.08
   41.91
   33.02
   18.12
   31.59
   31.70
   36.78
   41.04
   28.49
   35.84
   43.42
   14.27
   28.76
   36.01
   36.33
   22.67
   20.90
   26.81
   39.26
   23.16
   31.39
   35.03
   27.19
   31.13
   29.79
   40.31
   35.75
   37.07
   32.93
   27.65
   44.92
   24.52
   43.83
   28.76
   27.23
   43.06
   45.23
   34.90
   34.01
   38.06
   16.00
   35.90
   24.56
   38.36
   43.87
   24.82
   43.35
   28.22
   41.89
   35.86
   26.63
   26.53
   37.72
   31.91
   41.57
   30.20
   37.53
   42.86
   52.39
   17.48
   34.04
   33.05
   33.03
   29.08
   36.05
   46.83
   29.66
   43.13
   16.64
   15.34
   36.41
   45.28
   28.28
   23.46
   36.00
    8.61
   32.31
   44.66
   45.68
   29.12
   34.42
   16.90
   36.41
   39.04
   29.38
   22.25
   40.96
   27.23
   41.68
   34.17
   19.41
   28.36
   43.53
   30.85
   51.51
   34.26
   11.57
   41.12
   22.96
   48.64
   12.44
   41.75
   29.12
   31.73
   34.66
   44.63
   19.55
   39.13
   39.75
   22.46
   38.20
   40.48
   40.14
   39.28
   39.79
   12.23
   37.95
   38.22
   27.12
   34.46
   20.09
   24.02
   36.52
   43.36
   12.91
   43.42
   29.89
   33.86
   38.78
   34.91
   34.67
   27.50
   35.07
   34.18
   48.32
   39.79
   20.65
   39.50
   41.63
   49.54
   38.61
   45.98
   42.40
   23.33
   39.47
   13.18
   21.07
   22.05
   32.86
   34.78
   35.60
   13.91
   23.25
   40.79
   25.60
   37.51
   32.74
   32.29
   32.25
   23.03
   28.51
   34.62
   37.31
   29.79
   47.78
   30.67
   26.20
   27.39
   39.73
   42.90
   36.67
   29.25
   36.16
   28.35
   23.59
   31.82
   33.06
   38.79
   41.07
   33.22
   33.60
   27.77
   23.90
   38.36
   35.76
   28.65
   28.51
   35.37
   22.65
   19.47
   22.60
   36.41
   44.53
   31.95
   34.26
   30.22
   46.02
   42.33
   27.00
   40.91
   34.78
   16.98
   37.47
   32.36
   23.69
   39.33
   40.40
   38.53
   35.10
   42.62
   18.27
   32.35
   17.19
   25.13
   39.16
   15.04
   19.80
   29.80
   40.70
   31.96
   33.29
   40.25
   16.49
   23.83
   16.52
   19.17
   19.69
   42.32
   35.33
   40.52
   33.86
   23.46
   20.26
   20.57
   30.69
   44.95
   35.70
   24.90
   17.37
   17.12
   37.12
   29.32
   44.51
   29.54
   40.52
   27.54
   24.90
   15.64
   33.04
   40.47
   25.41
   17.55
   45.97
   38.97
   24.09
   37.51
   17.77
   27.79
   23.89
   28.92
   38.24
   24.61
   24.06
   29.34
   39.39
   16.79
   25.51
   28.07
   36.81
   39.05
   38.02
   21.07
   30.60
   16.55
   45.70
   42.23
   29.71
   38.13
   33.54
   38.44
   26.35
   39.39
   15.49
   23.96
   29.63
   42.47
   11.80
   21.34
   22.01
   39.85
   28.92
   38.82
   33.10
   38.18
   39.10
   39.91
   38.18
   35.35
   28.78
   37.24
   17.26
   37.59
   26.42
   49.82
   18.13
   31.48
   23.31
   28.00
   32.65
   29.96
   32.79
   33.23
   48.42
   15.59
   45.00
   24.43
   43.02
   16.47
   42.40
   37.12
   50.50
   37.37
   21.03
   43.49
   27.79
   33.57
   34.66
   25.63
   30.87
   33.18
   41.65
   13.67
   42.53
   32.55
   41.28
   24.86
   35.81
   39.00
   35.15
   44.73
   45.31
   25.09
   39.37
   36.63
   31.13
   45.21
   17.71
   42.59
   40.89
   28.15
   36.28
   42.87
   25.08
   41.53
   23.82
   36.14
   34.65
   37.68
   31.37
   27.08
   36.48
   28.78
   46.53
   26.63
   34.81
   29.08
   33.65
   25.43
   24.80
   25.13
   15.13
   46.04
   38.01
   39.04
   39.94
   39.00
   43.56
   13.69
   25.46
   26.94
   10.08
   33.89
   25.36
   43.45
   36.51
   24.18
   35.78
   40.33
   23.41
   29.64
   26.50
   13.44
   39.27
   45.30
   20.69
   28.31
   34.64
   36.35
   31.56
   38.75
   42.19
   40.84
   40.54
   33.26
   31.49
   19.90
   23.88
   29.50
   33.19
   42.39
   14.03
   42.55
   29.47
   25.49
   46.75
   26.16
   16.68
   34.80
   37.32
   33.02
   32.94
   24.28
   25.27
   30.44
   40.02
   38.64
   27.67
   32.21
   34.69
   23.77
   25.93
   29.67
   35.52
   42.59
   35.06
   37.23
   38.62
   31.73
   21.52
   29.88
   34.54
   29.34
   35.99
   35.61
   45.78
   26.67
   29.73
   43.35
   39.18
   41.51
   22.69
   44.18
   29.99
   28.20
   44.98
   37.26
   31.53
   45.32
   29.84
   24.73
   28.75
   23.51
   19.99
   40.55
   47.14
   30.79
   43.28
   31.16
   34.35
   19.01
   46.48
   31.83
   45.51
   27.31
   31.43
   24.81
   37.97
   44.26
   55.46
   33.61
   17.47
   33.91
   40.31
   34.55
   37.46
   40.31
   30.92
   39.64
   39.50
   30.10
   40.91
   34.74
   47.73
   32.02
   35.55
   22.13
   26.01
   42.08
   37.01
   21.36
   28.49
   36.27
   28.28
   44.49
   30.16
   19.37
   32.40
   33.54
   35.14
   35.06
   32.11
   37.20
   33.65
   38.81
   16.22
   15.25
   39.08
   30.93
   29.63
   38.46
   26.74
   40.16
   31.03
   25.46
   37.29
   43.84
   31.99
   38.53
   28.21
   35.42
   39.23
   33.48
   42.15
   32.25
   18.83
   34.38
   39.88
   20.43
   39.74
   23.54
   16.17
   36.27
   32.48
   33.00
   25.20
   22.69
   38.95
   28.69
   24.59
   36.09
   35.46
   32.61
   33.97
   41.03
   30.02
   29.75
   12.54
   41.82
   36.02
   40.76
   28.25
   34.67
   28.36
   29.55
   23.72
   25.27
   40.64
   44.34
   41.00
   37.12
   37.32
   21.14
   37.45
   32.59
   21.16
   47.98
   21.48
   18.88
   33.56
   44.06
   32.52
   35.21
   35.50
   27.16
   32.42
   28.07
   17.90
   34.59
   18.67
   39.02
   26.39
   36.65
   33.22
   30.41
   43.75
   28.26
   32.46
   33.86
   38.14
   36.59
   35.43
   23.03
   38.88
   48.54
   28.75
   10.29
   29.43
   22.28
   39.37
   39.28
   31.08
   43.43
   23.07
   30.11
   23.88
   28.99
   33.83
   30.06
   33.73
   23.36
   24.34
   31.42
   39.81
   37.28
   26.15
   21.26
   43.90
   40.97
   46.52
   26.52
   33.94
   34.06
   47.77
   46.95
   36.64
   18.38
   30.58
   35.32
   29.03
   34.47
   29.18
   31.86
   26.13
   30.12
   25.43
   28.19
   21.86
   25.41
   27.91
   39.16
   29.63
   41.67
    8.81
   27.33
   20.28
   25.12
   41.62
   34.60
   35.72
   15.39
   39.75
   33.31
   30.14
   35.85
   35.58
   41.86
   30.93
   44.68
   13.84
   35.24
   27.18
   29.69
   31.11
   36.03
   39.03
   29.88
   41.93
   43.77
   23.90
   35.85
   44.37
   32.25
   35.02
   48.18
   45.14
   21.54
   17.02
   15.10
   18.41
   46.92
   26.73
   14.86
   29.70
   40.92
   36.37
   34.96
   44.30
   33.02
   26.56
   24.94
   12.41
   25.52
   30.99
   43.05
   43.70
   22.94
   33.09
   39.14
   28.01
   43.58
   33.21
   36.19
   34.85
   43.00
   25.54
   47.72
   31.00
   31.05
   34.19
   39.85
   27.49
   37.19
   35.92
   28.49
   19.59
   34.06
   33.48
   40.91
   33.60
   21.26
   21.73
   33.28
   43.57
   24.99
   26.72
   39.51
   36.80
   29.15
   33.59
   30.30
   27.51
   27.23
   35.20
   46.54
   17.42
   16.27
   28.77
   21.32
   34.49
   42.99
   25.51
   41.51
   38.42
   33.92
   34.31
   11.11
   36.66
   50.03
   15.39
   28.30
   49.67
   30.85
   37.45
   38.28
   38.39
   24.46
   31.20
   35.92
   15.14
   23.29
   22.51
   28.82
   30.14
   32.51
   29.42
   37.15
   26.59
   16.22
   36.28
   26.54
   27.05
   35.90
   34.19
   33.79
   15.21
   36.41
   38.32
   46.58
   23.82
   28.87
   36.23
   41.01
   26.84
   43.22
   31.09
   14.62
   38.37
   29.95
   26.75
   34.29
   44.16
   10.16
   29.89
   41.06
   29.39
   37.31
   47.09
   36.47
   43.79
   36.23
   43.03
   24.63
   42.75
   33.41
   34.74
   35.49
   28.90
   31.85
   36.30
   23.64
   24.18
   37.32
   34.40
   37.50
   30.65
   35.48
   25.50
   35.95
   36.76
   25.18
   20.47
   33.93
   15.09
   37.66
   41.28
   35.93
   31.97
   29.50
   26.33
   25.36
   42.46
   24.38
   43.12
   26.70
   41.66
   42.33
   30.83
   34.37
   29.55
   40.13
   32.51
   21.74
   38.45
   22.35
   30.79
   18.53
   32.40
   40.78
   37.13
   39.23
   35.28
   41.73
   20.18
   25.81
   31.55
   31.58
   36.76
   22.98
   29.30
   41.98
   35.36
   45.57
   28.45
   35.16
   18.80
   35.81
   30.65
   43.39
   25.82
   28.01
   32.50
   10.04
   23.46
   37.31
   38.35
   27.93
   22.84
   27.82
   35.66
   42.60
   38.86
   41.63
   48.96
   48.15
   24.71
   16.71
   36.68
   35.15
   14.83
   36.75
   24.98
   33.00
   42.79
   39.56
   23.32
   26.88
   26.41
   30.55
   19.48
   32.97
   39.30
   44.59
   43.71
   32.35
   28.26
   30.56
   35.24
   42.33
   26.81
   30.20
   34.36
   36.77
   27.09
   40.17
   38.55
   33.58
   47.04
   31.79
   17.47
   35.47
   22.22
   39.17
   48.37
   24.95
   37.90
   28.72
   50.91
   43.46
   31.72
   23.00
   37.47
   21.87
   28.57
   29.69
   22.38
   25.34
   31.71
   40.85
   24.86
   17.53
   15.00
   33.25
   31.36
   45.16
   33.93
   37.29
   25.83
   21.16
   32.49
   30.97
   38.16
   13.34
   34.71
   29.65
   34.33
   27.87
   24.24
   28.76
   34.89
   42.72
   26.79
   28.93
   25.63
   21.00
   28.76
   37.72
   39.98
   34.01
   34.48
   45.14
   30.33
   39.82
   20.34
   33.73
   34.25
   34.03
   15.22
   32.05
   28.78
   40.38
   37.55
   38.31
   39.28
   20.07
   36.59
   27.44
   12.39
   35.26
   34.49
   21.13
   42.83
   34.62
   32.98
   38.97
   20.46
   35.44
   21.61
   37.97
   31.92
   30.04
   26.81
   35.54
   36.32
   35.05
   55.81
   42.34
   26.80
   39.26
   33.67
   44.74
   33.83
   27.51
   35.05
   35.58
   16.17
   21.81
   25.67
   40.86
   40.58
   34.58
   37.72
   34.18
   23.87
   38.07
   37.98
   31.58
   30.48
   34.66
   36.17
   32.18
   50.99
   42.89
   30.09
   31.78
   40.13
   13.39
   24.34
   38.73
   27.29
   41.81
   31.26
   26.53
   37.20
   44.62
   34.64
   40.42
   30.12
   22.16
   38.46
   20.43
   45.29
   31.47
   17.33
   25.62
   34.55
   47.55
   24.48
   27.16
   28.49
   29.05
   13.46
   27.06
   40.78
   30.61
   33.78
   39.79
   32.49
   26.80
   36.89
   32.98
   37.06
   26.99
   34.34
   28.95
   19.08
   32.83
   39.19
   46.41
   31.16
   41.00
   22.43
   30.67
   31.29
   41.85
   36.51
   34.23
   33.01
   29.22
   31.91
   22.23
   40.16
   36.33
   47.49
   12.80
   20.82
   38.60
   16.78
   33.29
   41.01
   30.84
   17.08
   24.41
   50.00
   19.57
   40.05
   38.07
   35.52
   30.83
   27.16
   33.65
   46.62
   19.64
   18.53
   32.03
   29.73
   21.88
   39.92
   28.80
   36.18
   35.91
   38.41
   32.53
   26.10
   36.73
   29.67
   43.04
   28.08
   37.08
   45.57
   44.46
   35.34
   38.82
   38.56
   18.40
   47.28
   35.92
   34.56
   10.92
   31.49
   11.37
   37.39
   24.44
   26.40
