   31.80
   30.47
   44.03
   28.90
   33.39
   42.00
   28.13
   47.32
   37.27
   32.65
   29.41
   38.88
   36.95
   38.97
   45.62
   45.01
   18.56
   45.57
   40.38
   41.56
   46.10
   37.78
   37.02
   52.34
   19.46
   42.19
   28.01
   23.02
   22.57
   46.10
   39.85
   39.22
   23.64
   40.47
   34.34
   32.04
   51.90
   34.88
   41.16
   45.25
   40.38
   17.31
   29.89
   44.89
   26.58
   22.88
   35.65
   43.16
   29.01
   41.63
   42.95
   15.72
   30.32
   34.49
   36.68
   41.20
   32.10
   28.44
   32.71
   29.78
   32.32
   39.44
   31.97
   42.90
   18.47
   34.42
   42.36
   24.35
   52.89
   31.25
   39.30
   37.18
   39.31
   52.39
   42.16
   35.02
   42.27
   40.43
   26.12
   32.60
   48.21
   32.59
   41.83
   41.53
   43.70
   46.75
   30.87
   35.13
   38.01
   33.35
   35.60
   41.48
   27.58
   39.96
   25.28
   36.80
   35.97
   32.66
   23.74
   25.33
   34.16
   33.88
   36.03
   20.14
   35.89
   38.59
   39.96
   30.74
   37.72
   33.47
   41.19
   35.07
   32.90
   30.76
   32.50
   32.44
   34.75
   37.33
   30.87
   37.93
   37.26
   21.56
   41.81
   42.33
   20.61
   42.44
   31.90
   32.84
   21.78
   26.30
   24.60
   31.71
   37.98
   40.81
   44.24
   26.43
   24.11
   41.80
   31.32
   22.80
   30.12
   48.82
   33.85
   48.31
   39.74
   35.88
   44.53
   32.47
   42.14
   20.83
   44.50
   44.40
   31.38
   41.69
   41.52
   42.07
   42.51
   33.55
   34.20
   38.36
   24.64
   49.23
   28.26
   28.45
   35.54
   31.40
   29.70
   48.62
   31.44
   32.16
   35.71
   17.78
   21.92
   25.37
   51.04
   29.53
   59.44
   45.53
   34.60
   30.68
   40.05
   23.77
   49.72
   36.60
   39.56
   21.97
   38.12
   35.16
   27.90
   40.82
   36.23
   26.96
   43.60
   41.27
   38.53
   32.83
   29.86
   34.24
   35.45
   33.95
   46.03
   40.38
   42.78
   37.18
   39.49
   39.42
   36.10
   39.35
   34.20
   20.64
   35.21
   45.78
   31.63
   38.38
   45.24
   28.23
   31.54
   25.26
   36.43
   42.57
   30.72
   32.46
   44.71
   32.07
   49.76
   54.75
   34.75
   30.79
   46.32
   25.23
   32.77
   39.75
   36.89
   32.47
   32.42
   45.67
   37.96
   49.26
   31.95
   32.45
   25.47
   36.78
   34.64
   26.56
   43.98
   42.86
   42.10
   31.39
   35.18
   33.04
   43.00
   35.96
   23.94
   55.42
   35.68
   43.82
   43.54
   40.02
   42.39
   34.88
   37.11
   33.08
   39.20
   44.30
   44.45
   32.81
   43.82
   21.23
   24.38
   43.53
   38.17
   43.02
   40.47
   20.69
   29.84
   14.93
   27.17
   34.58
   37.32
   45.65
   41.79
   38.79
   34.34
   25.43
   37.96
   37.73
   27.69
   32.70
   26.67
   41.19
   25.94
   40.08
   40.17
   35.40
   29.19
   40.11
   37.59
   30.42
   44.99
   18.94
   44.62
   38.41
   38.47
   15.60
   38.21
   35.10
   45.30
   32.02
   35.45
   24.78
   38.83
   32.23
   42.42
   46.05
   48.29
   25.28
   31.51
   30.29
   32.16
   43.05
   28.83
   23.72
   43.59
   37.35
   38.45
   37.14
   32.85
   31.97
   40.10
   42.21
   43.25
   31.33
   43.99
   27.04
   23.72
   40.49
   45.57
   33.11
   48.29
   51.41
   40.78
   29.68
   45.97
   41.94
   33.31
   36.95
   45.70
   43.74
   32.97
   37.77
   31.15
   32.21
   33.56
   37.78
   41.03
   28.91
   17.42
   31.73
   38.29
   37.62
   31.61
   46.66
   26.50
   24.97
   40.73
   24.48
   27.97
   37.38
   42.67
   36.46
   30.41
   38.67
   15.85
   30.54
   45.68
   21.96
   35.43
   25.82
   34.10
   49.64
   33.24
   35.78
   38.05
   36.42
   34.85
   41.01
   35.55
   33.82
   31.85
   14.24
   37.14
   47.09
   42.55
   30.81
   37.51
   37.04
   23.01
   42.08
   43.49
   30.89
   39.36
   37.10
   37.68
   41.60
   39.40
   41.17
   17.21
   34.73
   31.41
   40.48
   51.56
   28.76
   41.84
   31.05
   44.69
   31.82
   25.07
   32.23
   18.37
   38.12
   38.49
   46.77
   31.99
   40.73
   26.35
   45.05
   34.98
   17.68
   38.36
   17.39
   23.09
   30.77
   21.92
   29.51
   34.66
   30.67
   31.33
   36.26
   32.37
   36.26
   31.42
   38.13
   29.55
   39.19
   34.75
   29.23
   42.20
   32.27
   35.39
   20.29
   11.55
   45.80
   42.81
   25.20
   34.99
   37.50
   33.73
   22.02
   39.76
   43.50
   27.38
   28.01
   45.93
   33.58
   34.79
   40.01
   50.22
   26.05
   39.35
   38.04
   21.97
   41.13
   35.10
   26.55
   21.37
   32.87
   34.51
   39.91
   22.57
   44.50
   38.46
   32.13
   36.40
   34.05
   44.70
   34.55
   28.26
   39.31
   30.08
   31.83
   23.15
   26.05
   37.70
   40.97
   42.26
   45.41
   35.34
   37.27
   44.81
   24.62
   30.13
   42.64
   44.75
   43.10
   44.11
   43.60
   43.66
   32.23
   42.35
   42.42
   21.87
   40.21
   28.39
   38.35
   40.02
   34.63
   35.53
   37.22
   41.68
   34.58
   41.25
   36.63
   30.36
   32.79
   39.76
   37.57
   36.93
   37.81
   29.05
   43.71
   30.95
   45.03
   42.15
   47.41
   54.27
   34.11
   32.71
   44.66
   48.39
   25.54
   31.06
   25.10
   27.07
   36.04
   37.52
   49.48
   29.08
   51.13
   41.16
   39.21
   37.75
   37.37
   23.57
   45.43
   38.14
   39.74
   38.81
   36.91
   37.25
   31.96
   42.95
   33.28
   38.05
   35.32
   44.87
   29.46
   36.70
   38.88
   27.40
   43.87
   45.09
   22.99
   25.73
   39.32
   33.30
   26.15
   46.44
   35.12
   48.32
   27.70
   56.00
   34.11
   29.80
   55.23
   32.13
   30.89
   23.06
   33.25
   28.36
   40.00
   36.31
   50.39
   48.53
   29.89
   30.91
   48.67
   46.60
   39.40
   38.23
   38.50
   35.54
   32.08
   29.59
   31.63
   33.79
   33.55
   27.95
   37.32
   50.26
   34.92
   25.55
   41.06
   37.90
   32.89
   24.69
   40.06
   42.16
   31.88
   37.23
   40.19
   42.86
   22.82
   35.46
   51.67
   25.40
   50.08
   40.90
   38.90
   29.73
   43.20
   39.04
   32.14
   46.10
   40.34
   41.22
   41.38
   34.92
   39.64
   51.05
   26.07
   16.85
   29.82
   43.76
   31.84
   24.82
   38.41
   31.28
   37.94
   28.35
   33.75
   28.58
   37.21
   39.62
   42.99
   25.07
   45.04
   29.52
   34.59
   19.54
   24.72
   35.77
   38.47
   42.14
   44.90
   34.37
   42.89
   37.65
   36.72
   34.53
   23.89
   41.13
   29.36
   51.98
   38.63
   54.71
   34.58
   37.58
   23.93
   29.21
   32.67
   41.45
   41.95
   36.11
   41.88
   17.26
   11.53
   39.83
   28.73
   31.37
   35.83
   37.57
   38.10
   42.16
   43.27
   40.77
   43.46
   33.29
   30.96
   48.30
   40.95
   62.22
   39.43
   34.03
   40.59
   47.23
   35.18
   34.87
   54.65
   42.75
   29.23
   27.28
   38.72
   46.19
   46.69
   37.82
   36.72
   16.90
   31.45
   40.91
   40.90
   27.25
   43.92
   37.27
   38.35
   29.66
   17.89
   32.27
   45.98
   40.61
   26.74
   37.04
   46.33
   29.45
   34.63
   19.64
   36.48
   40.63
   26.83
   44.89
   31.02
   37.64
   34.53
   35.70
   17.91
   40.32
   39.80
   67.13
   32.24
   38.25
   39.01
   49.46
   22.16
   28.62
   37.84
   34.08
   29.24
   26.33
   52.34
   43.32
   26.63
   34.92
   45.22
   24.53
   45.95
   44.99
   38.96
   36.45
   39.36
   17.69
   27.93
   39.21
   35.03
   36.49
   37.77
   54.09
   36.76
   47.52
   34.24
   25.60
   46.67
   37.63
   39.56
   35.35
   40.82
   45.80
   42.69
   30.99
   26.13
   39.51
   26.42
   50.30
   54.98
   42.92
   45.08
   29.28
   40.41
   29.04
   25.40
   47.93
   42.64
   26.62
   37.40
   43.17
   35.89
   35.41
   42.53
   35.32
   39.48
   42.35
   26.78
   27.68
   15.62
   40.06
   32.27
   50.86
   43.87
   31.65
   37.24
   21.84
   38.51
   29.09
   34.50
   40.54
   28.19
   21.73
   25.99
   43.55
   39.59
   33.59
   42.05
   37.58
   39.81
   43.48
   40.23
   34.61
   38.86
   19.34
   32.54
   42.28
   27.29
   38.07
   37.33
   41.48
   39.43
   50.49
   33.72
   42.98
   44.82
   36.36
   25.05
   52.53
   33.34
   43.74
   43.48
   30.53
   40.14
   14.98
   36.12
   45.17
   47.71
   37.66
   25.76
   36.70
   27.32
   32.23
   29.41
   44.82
   31.20
   45.37
   26.04
   43.05
   42.95
   35.53
   38.68
   31.45
   22.42
   56.60
   39.53
   43.46
   50.62
   37.75
   41.56
   37.84
   43.97
   34.46
   28.29
   30.85
   48.98
   30.01
   36.19
   33.26
   46.54
   42.61
   40.97
   40.58
   48.54
   37.04
   34.36
   43.52
   32.54
   36.40
   38.70
   31.70
   34.78
   24.87
   26.20
   39.23
   41.36
   41.30
   35.92
   36.86
   28.79
   43.24
   34.53
   39.19
   38.29
   31.53
   47.30
   30.00
   41.43
   32.19
   42.82
   41.02
   38.14
   42.73
   33.40
   32.78
   50.42
   34.72
   29.41
   33.23
   35.67
   32.56
   21.63
   20.91
   38.71
   32.17
   34.21
   33.53
   46.60
   31.57
   34.75
   27.06
   56.08
   45.15
   44.29
   44.46
   35.41
   52.31
   31.21
   29.42
   29.00
   40.92
   40.64
   44.15
   40.18
   32.98
   31.33
   44.59
   19.46
   38.57
   25.77
   29.68
   38.64
   43.00
   31.08
   39.03
   32.08
   32.19
   43.50
   47.22
   34.04
   51.45
   47.27
   27.17
   44.96
   38.59
   27.83
   31.26
   34.68
   22.40
   26.84
   39.13
   31.71
   11.40
   24.87
   37.69
   41.20
   35.98
   42.82
   32.13
   37.51
   37.64
   55.58
   36.39
   55.16
   40.82
   24.36
   48.75
   21.74
   52.91
   41.76
   28.06
   34.32
   33.22
   23.01
   38.10
   39.53
   24.55
   25.71
   29.49
   35.75
   41.93
   47.50
   33.58
   34.32
   40.79
   40.14
   38.24
   28.75
   34.83
   36.55
   32.27
   34.29
   41.48
   40.36
   33.24
   45.06
   33.80
   22.76
   31.76
   21.70
   25.05
   44.71
   38.23
   35.87
   28.23
   35.54
   51.14
   30.56
   42.77
   37.93
   25.04
   45.23
   34.84
   40.38
   44.24
   39.87
   22.44
   28.60
   22.46
   33.70
   34.25
   41.37
   34.06
   35.46
   32.56
   32.04
   37.23
   40.26
   49.32
   34.82
   34.32
   45.27
   41.94
   32.94
   19.19
   37.14
   42.78
   40.48
   31.68
   19.56
   43.64
   29.89
   42.50
   35.19
   30.13
   26.59
   41.24
   40.93
   44.21
   36.52
   39.20
   29.78
   41.36
   42.55
   36.59
   41.17
    9.95
   40.53
   32.77
   35.08
   50.85
   33.38
   25.53
   43.52
   33.70
   56.09
   39.59
   37.62
   45.04
   29.75
   24.03
   43.41
   31.63
   28.89
   40.21
   27.21
   23.78
   18.27
   29.38
   48.64
   31.37
   38.15
   48.74
   42.43
   39.49
   44.23
   39.18
   27.64
   47.34
   29.91
   29.12
   39.62
   33.30
   20.89
   28.50
   42.84
   34.58
   42.80
   44.80
   36.17
   41.13
   31.44
   52.94
   37.72
   26.49
   36.44
   49.72
   27.75
   48.46
   34.38
   40.28
   34.87
   53.21
   45.36
   19.80
   43.38
   42.95
   34.28
   48.46
   41.01
   40.50
   36.58
   33.12
   41.24
   44.24
   34.33
   32.50
   45.34
   23.05
   43.05
   43.32
   40.56
   32.18
   43.55
   29.33
   39.93
   42.28
   21.99
   37.36
   44.72
   31.70
   38.82
   43.28
   36.97
   33.40
   30.40
   34.96
   34.92
   35.61
   41.90
   26.66
   45.07
   30.01
   38.60
   44.53
   36.77
   33.75
   37.94
   46.56
   28.69
   33.28
   40.16
   34.36
   39.31
   42.41
   23.10
   42.03
   29.39
   42.53
   29.61
   44.02
   50.85
   43.23
   15.30
   34.78
   23.29
   45.92
   40.04
   28.07
   38.53
   21.54
   41.11
   51.25
   16.05
   39.76
   46.20
   32.41
   47.24
   53.26
   29.34
   33.47
   44.07
   36.94
   46.24
   30.73
   39.31
   30.37
   35.52
   26.71
   39.05
   18.20
   28.18
   19.90
   45.92
   35.13
   52.65
   61.46
   27.22
   36.09
   28.69
   56.92
   29.75
   45.28
   24.66
   35.50
   43.85
   40.87
   36.33
   42.63
   33.49
   35.35
   29.06
   34.38
   37.11
   36.84
   39.87
   36.30
   34.28
   23.68
   37.89
   38.75
   35.33
   39.06
   31.50
   41.70
   59.83
   32.50
   55.41
   24.71
   41.65
   32.90
   39.12
   40.11
   35.08
   51.96
   39.33
   30.47
   25.89
   50.93
   38.06
   44.47
   37.85
   40.44
   23.90
   41.41
   47.59
   43.36
   41.57
   46.31
   29.65
   37.15
   37.09
   45.21
   34.39
   30.94
   25.39
   33.81
   23.08
   36.99
   34.58
   47.02
   34.13
   30.21
   24.87
   37.35
   24.85
   39.61
   50.48
   36.34
   33.40
   41.41
   34.36
   50.21
   39.85
   25.77
   18.74
   39.92
   39.49
   25.18
   36.64
   27.20
   32.62
   26.71
   39.09
   42.49
   81.53
   29.82
   39.16
   27.40
   51.50
   32.94
   46.02
   35.40
   41.30
   38.42
   43.73
   29.49
   45.22
   56.65
   42.39
   27.30
   34.15
   54.17
   34.98
   41.27
   30.37
   44.93
   32.49
   41.13
   40.95
   44.93
   31.86
   34.49
   30.98
   33.08
   43.20
   32.58
   27.02
   32.38
   36.91
   15.86
   38.95
   30.12
   46.40
   20.26
   41.88
   36.82
   33.84
   40.48
   40.29
   14.47
   38.31
   26.20
   29.09
   31.52
   39.19
   40.83
   44.40
   37.85
   42.94
   43.44
   32.19
   20.82
   40.00
   38.92
   32.88
   49.15
   35.35
   36.58
   32.59
   48.63
   23.09
   37.93
   33.22
   51.76
   37.51
   35.91
   48.18
   35.96
   31.79
   32.70
   49.49
   47.37
   22.08
   33.05
   46.40
   33.60
   38.50
   40.01
   48.08
   30.96
   38.59
   37.04
   41.52
   35.84
   16.55
   29.65
   40.62
   37.88
   38.89
   30.94
   27.15
   17.75
   40.82
   40.98
   55.21
   28.67
   43.57
   45.24
   40.59
   36.31
   39.30
   29.57
   29.19
   25.93
   37.50
   42.04
   35.16
   50.44
   23.84
   35.12
   31.07
   24.12
   47.59
   33.52
   35.07
   38.99
   35.42
   46.21
   29.68
   33.68
   33.00
   42.62
   37.15
   36.93
   34.59
   31.69
   42.59
   39.07
   36.21
   27.01
   38.03
   36.29
   28.10
   41.63
   20.66
   31.88
   39.93
   47.96
   47.63
   34.84
   36.06
   47.81
   36.64
   43.86
   39.90
   29.26
   34.75
   47.63
   35.47
   24.88
   32.89
   51.48
   44.34
   32.81
   40.30
   28.11
   30.05
   38.01
   27.52
   39.33
   36.93
   46.66
   33.83
   48.59
   21.65
   46.30
   38.87
   29.30
   30.25
   20.03
   42.53
   34.99
   39.24
   41.07
   34.37
   53.86
   44.37
   31.51
   33.27
   35.31
   51.63
   27.50
   47.28
   33.63
   45.73
   35.21
   32.17
   30.60
   23.49
   36.74
   41.02
   28.43
   26.46
   41.06
   35.01
   22.48
   33.63
   28.07
   25.46
   47.99
   21.54
   42.81
   34.97
   29.65
   33.22
   33.10
   29.40
   36.20
   45.47
   35.60
   33.29
   31.28
   26.02
   57.43
   39.91
   41.54
   42.91
   30.37
   28.42
   48.95
   48.33
   38.62
   28.83
   31.46
   32.68
   46.55
   26.09
   31.01
   42.56
   36.86
   34.64
   46.19
   33.74
   40.68
   38.35
   34.63
   20.35
   27.07
   48.25
   40.04
   44.42
   35.02
   42.03
   40.72
   29.43
   38.69
   36.38
   19.12
   33.24
   44.81
   28.45
   38.59
   31.55
   30.39
   34.73
   44.70
   46.09
   39.11
   41.81
   40.54
   44.83
   15.14
   36.59
   30.55
   45.64
   26.48
   21.27
   12.19
   46.51
   31.79
   54.14
   36.72
   35.62
   29.40
   23.31
   45.76
   37.55
   29.07
   33.88
   36.73
   31.46
   54.99
   32.42
   21.39
   36.44
   43.35
   39.05
   39.19
   41.74
   33.11
   42.29
   36.64
   47.40
   44.35
   36.01
   46.93
   37.28
   20.92
   12.18
   38.98
   32.13
   38.41
   39.05
   48.40
   41.82
   32.35
   30.94
   40.78
   41.20
   44.78
   45.33
   27.71
   36.98
   24.75
   32.88
   30.96
   33.71
   48.71
   36.91
   31.32
   19.81
   41.91
   35.26
   33.45
   29.64
   19.84
   43.43
   47.73
   43.00
   42.04
   34.39
   27.49
   26.07
   42.07
   29.82
   27.88
   35.84
   38.27
   21.65
   45.92
   22.66
   44.67
   34.10
   41.00
   35.19
   46.97
   25.40
   41.63
   37.17
   49.62
   22.43
   42.34
   41.62
   43.56
   24.59
   45.00
   40.23
   19.61
   52.35
   41.03
   13.52
   46.67
   51.14
   37.29
   36.11
   33.49
   25.47
   35.10
   33.07
   53.23
   28.33
   33.46
   38.00
   34.02
   34.20
   33.28
   40.51
   26.10
   25.96
   43.18
   40.59
   37.91
   37.25
   35.72
   43.50
   27.76
   35.35
   48.99
   28.57
   35.34
   39.99
   36.40
   28.04
   42.72
   30.35
   37.63
   47.29
   29.80
   38.88
   32.27
   42.75
   34.74
   45.61
   33.00
   29.05
   32.37
   37.23
   18.86
   40.33
   36.13
   20.88
   22.91
   39.02
   23.82
   34.97
   24.67
   45.20
   42.46
   46.03
   35.42
   37.00
   16.88
   39.74
   42.50
   41.21
   32.81
   29.18
   21.06
   42.22
   47.24
   44.89
   39.05
   36.38
   42.25
   42.35
   35.36
   39.41
   25.53
   23.32
   34.11
   24.84
   41.96
   33.99
   46.01
   17.88
   31.17
   29.37
   44.55
   35.77
   38.05
   41.43
   32.84
   34.00
   36.29
   49.57
   46.50
    8.86
   43.59
   40.68
   36.92
   43.51
   39.50
   45.99
   31.28
   30.22
   29.68
   42.30
   36.27
   48.62
   40.34
   30.05
   32.86
   24.81
   28.05
   28.43
   33.43
   41.50
   42.04
   41.57
   41.79
   43.84
   27.51
   28.25
   38.30
   34.39
   29.87
   32.35
   37.25
   48.73
   34.15
   33.83
   32.47
   43.29
   45.47
   35.50
   43.87
   39.40
   46.08
   39.46
   25.37
   49.26
   35.30
   30.53
   38.20
   25.99
   25.80
   35.11
   44.17
   39.62
   39.41
   51.93
   35.50
   39.80
   29.41
   34.22
   33.74
   49.22
   50.94
   39.07
   22.82
   32.30
   28.17
   46.94
   39.15
   39.47
   46.41
   41.34
   31.69
   22.86
   31.94
   31.93
   47.28
   44.00
   37.83
   32.62
   19.83
   48.38
   23.24
   24.91
   37.56
   40.88
   43.58
   45.61
   37.57
   24.04
   24.55
   27.85
   36.24
   38.64
   38.98
   39.25
   35.70
   29.87
   43.69
   39.94
   44.50
   32.25
   47.61
   31.69
   37.16
   48.91
   32.85
   36.49
   33.96
   39.32
   38.05
   37.58
   14.63
   33.02
   44.40
   36.87
   26.53
   25.05
   31.55
   32.57
   31.24
   42.20
   38.90
   25.26
   36.11
   26.42
   44.68
   32.78
   37.87
   36.79
   28.37
   43.51
   38.76
   31.12
   39.54
   43.44
   48.85
   31.71
   42.94
   38.31
   36.98
   35.17
   37.55
   43.33
   45.10
   38.22
   41.21
   37.84
   30.76
   41.19
   33.42
   34.86
   44.66
   35.69
   40.99
   43.21
   28.20
   28.38
   45.34
   47.99
   40.89
   31.71
   35.36
   24.72
   37.59
   50.54
   37.05
   38.22
   32.79
   27.91
   42.97
   26.89
   47.15
   26.28
   45.81
   35.01
   46.44
   43.67
   26.20
   14.32
   36.13
   30.43
   42.44
   37.56
   43.83
   36.31
   46.86
   40.22
   32.74
   34.52
   35.09
   40.53
   41.48
   52.66
   47.42
   35.38
   34.99
   31.63
   22.68
   36.43
   39.40
   32.63
   43.15
   18.00
   39.68
   35.55
   24.91
   29.02
   46.13
   21.36
   46.66
   39.11
   44.31
   36.18
   23.20
   24.45
   29.18
   33.75
   40.69
   38.93
   44.04
   32.55
   45.32
   23.33
   37.70
   30.46
   30.52
   31.74
   41.31
   34.90
   38.80
   34.16
   21.58
   29.05
   48.15
   59.07
   39.62
   48.15
   35.43
   44.75
   29.53
   42.44
   52.80
   36.21
   45.01
   41.12
   30.93
   30.13
   36.18
   41.77
   19.92
   17.17
   41.38
   45.61
   41.41
   37.29
   45.74
   31.79
   16.08
   44.44
   42.83
   29.54
   47.21
   34.20
   49.25
   30.37
   36.08
   41.41
   44.13
   44.77
   43.15
   35.70
   28.58
   40.68
   39.51
   43.17
   42.09
   22.27
   29.75
   45.12
   32.14
   32.90
   36.42
   33.93
   30.84
   33.51
   32.19
   39.13
   42.69
   25.43
   36.85
   40.65
   41.38
   52.83
   31.14
   37.88
   38.36
   54.51
   36.62
   43.79
   34.44
   34.74
   28.52
   22.40
   25.26
   48.39
   25.29
   22.64
   40.80
   28.96
   16.86
   15.03
   39.67
   28.66
   31.63
   42.53
   24.37
   44.96
   45.30
   37.37
   31.66
   51.14
   40.63
   23.63
   24.37
   46.68
   39.75
   36.97
   37.42
   42.95
   38.77
   29.64
   45.99
   41.10
   28.71
   34.88
   35.06
   45.85
   47.87
   46.04
   39.78
   33.75
   43.82
   31.04
   32.81
   29.35
   45.30
   56.91
   44.27
   24.84
   43.38
   34.92
   42.89
   33.47
   37.42
   21.48
   43.02
   40.17
   36.87
   37.34
   34.43
   46.41
   46.36
   52.93
   27.11
   42.60
   43.76
   38.09
   26.23
   46.04
   30.57
   22.15
   39.75
   42.50
   33.39
   44.01
   40.00
   53.95
   28.54
   35.18
   45.59
   31.23
   36.31
   16.63
   27.44
   29.34
   41.33
   42.65
   40.68
   17.84
   40.57
   31.33
   36.50
   30.75
   44.67
   34.16
   47.28
   41.58
   42.31
   37.13
   35.07
   39.91
   42.00
   30.46
   45.02
   28.33
   25.76
   33.39
   38.25
   37.37
   39.19
   27.13
   22.63
   38.56
   46.05
   40.77
   45.00
   28.27
   42.16
   37.73
   24.80
   30.67
   34.37
   47.20
   24.15
   38.22
   49.54
   41.24
   48.73
   43.20
   31.38
   24.64
   37.99
   40.75
   27.52
   37.64
   46.62
   48.09
   39.98
   27.74
   32.01
   37.10
   55.12
   34.63
   39.87
   42.96
   45.54
   35.50
   44.06
   29.50
   32.14
   55.47
   41.17
   43.18
   23.91
   33.96
   24.12
   39.95
   42.90
   49.86
   38.68
   44.18
   46.25
   26.37
   23.90
   23.55
   31.62
   39.05
   35.95
   26.48
   33.66
   47.75
   28.86
   33.75
   38.93
   36.21
   43.71
   49.56
   44.92
   37.37
   35.50
   44.28
   37.18
   16.37
   32.57
   35.39
   16.60
   21.81
   45.65
   41.39
   61.70
   24.14
   43.77
   52.85
   24.51
   32.74
   34.56
   39.26
   30.84
   37.15
   35.83
   23.46
   28.97
   43.23
   50.89
   41.43
   39.77
   44.54
   38.58
   42.96
   52.60
   44.80
   43.76
   33.83
   39.12
   26.55
   40.06
   34.47
   31.32
   33.58
   36.96
   34.76
   32.22
   18.16
   41.03
   25.20
   37.95
   28.62
   22.44
   34.40
   39.41
   47.16
   32.65
   40.73
   39.27
   35.24
   33.36
   24.28
   35.20
   37.24
   43.90
   35.85
   44.76
   46.79
   27.81
   42.20
   28.27
   43.85
   44.95
   54.10
   15.12
   39.59
   25.93
   21.70
   37.60
   47.81
   24.18
   32.42
   37.61
   37.95
   48.84
   46.08
   27.38
   38.59
   37.35
   30.75
   32.86
   29.71
   48.71
   35.30
   45.13
   33.35
   34.20
   50.91
   53.43
   35.50
   40.10
   30.18
   52.14
   23.76
   40.06
   40.70
   46.32
   25.67
   40.41
   43.35
   36.95
   42.87
   40.67
   38.71
   30.21
   40.08
   33.00
   41.89
   40.93
   45.07
   39.82
   24.32
   27.61
   36.21
   36.23
   35.87
   51.17
   30.21
   27.79
   21.31
   41.17
   27.77
   38.64
   47.06
   27.38
   27.27
   16.37
   28.10
   28.18
   46.07
   28.87
   28.48
   34.55
   46.70
   11.27
   40.29
   19.56
   40.67
   43.41
   44.12
   45.82
   40.50
   39.60
   42.58
   40.80
   36.90
   44.34
   32.51
   28.87
   34.61
   31.24
   39.08
   38.76
   23.22
   33.94
   55.44
   29.22
   34.56
   48.32
   20.91
   40.55
   32.08
   42.75
   40.97
   24.26
   34.71
   36.36
   33.89
   42.60
   46.83
   40.21
   28.57
   58.88
   44.50
   43.07
   41.32
   28.78
   44.85
   36.92
   17.53
   26.78
   29.59
   38.79
   40.00
   48.41
   41.36
   39.36
   40.04
   51.68
   35.21
   25.94
   32.25
   28.57
   37.46
   48.08
   39.86
   31.17
   49.63
   38.17
   34.19
   39.52
   25.57
   48.53
   35.32
   35.70
   25.31
   37.01
   34.40
   41.40
   43.98
   46.34
   43.75
   24.67
   43.46
   21.80
   31.47
   28.82
   23.44
   36.38
   33.16
   41.14
   35.63
   43.14
   38.79
   36.14
   32.59
   40.31
   44.04
   36.99
   44.52
   44.88
   19.84
   41.19
   34.15
   45.49
   44.15
   39.21
   33.60
   40.06
   35.84
   33.77
   22.87
   33.47
   48.74
   44.90
   37.52
   37.19
   43.32
   33.31
   49.69
   48.46
   28.05
   35.37
   44.08
   40.98
   39.74
   33.80
   26.94
   36.88
   17.79
   37.80
   44.92
   50.85
   45.45
   39.42
   40.86
   28.24
   35.15
   41.23
   34.80
   43.45
   49.24
   22.90
   25.80
   33.00
   39.29
   40.06
   47.69
   26.25
   39.45
   47.12
   48.81
   21.99
   33.52
   43.29
   37.00
   22.68
   30.68
   36.73
   37.95
   46.00
   32.92
   48.45
   38.71
   37.69
   35.87
   40.47
   41.00
   29.47
   39.65
   40.90
   37.87
   24.74
   41.00
   28.09
   52.88
   31.44
   34.47
   35.27
   42.52
   21.66
   38.96
   43.16
   26.87
   50.13
   24.04
   35.44
   36.41
   29.16
   34.93
   23.51
   38.88
   36.68
   33.51
   50.12
   29.00
   22.90
   44.15
   47.00
   26.54
   24.39
   45.25
   26.27
   37.03
   40.15
   38.76
   45.89
   20.85
   53.68
   32.13
   42.11
   50.99
   32.28
   42.41
   39.69
   37.54
   45.28
   33.11
   29.38
   17.54
   43.31
   34.76
   46.79
   37.43
   39.82
   34.80
   24.02
   31.58
   36.79
   33.49
   17.07
   49.69
   44.26
   39.37
   36.23
   40.93
   40.71
   35.19
   41.88
   39.19
   37.27
   51.31
   26.09
   32.50
   29.82
   36.74
   48.69
   44.14
   36.59
   33.73
   37.98
   43.70
   23.71
   20.66
   38.54
   41.54
   44.80
   35.47
   28.35
   39.59
   43.93
   38.58
   36.15
   41.03
   36.25
   32.08
   49.85
   26.64
   31.91
   31.03
   39.90
   41.60
   38.22
   40.33
   47.32
   42.74
   36.29
   27.31
   40.33
   40.19
   44.78
   41.61
   51.93
   44.93
   39.58
   28.58
   31.54
   24.03
   37.53
   42.67
   41.99
   27.83
   37.38
   32.90
   34.07
   40.12
   40.97
   51.50
   42.38
   48.07
   32.59
   30.67
   44.28
   36.40
   26.63
   35.94
   39.65
   35.51
   47.10
   46.51
   26.67
   30.42
   40.23
   22.95
   18.74
   29.81
   28.77
   44.06
   30.25
   31.27
   43.74
   38.39
   35.76
   33.78
   48.43
   35.03
   42.89
   40.60
   32.54
   33.42
   34.95
   22.70
   50.41
   29.14
   42.09
   26.86
   50.27
   30.44
   43.76
   44.13
   20.94
   32.18
   44.70
   17.18
   37.08
   43.10
   31.23
   45.33
   39.54
   37.79
   47.26
   56.19
   28.91
   26.19
   15.90
   36.96
   39.37
   35.56
   43.08
   40.82
   43.40
   32.91
   45.82
   26.80
   30.71
   27.17
   32.85
   40.24
   27.88
   26.53
   34.76
   34.76
   33.46
   32.20
   43.99
   35.78
   42.90
   39.43
   37.48
   36.88
   42.85
   36.25
   30.75
   37.45
   34.72
   35.74
   34.79
   34.67
   30.73
   39.34
   37.34
   33.37
   33.54
   36.82
   46.22
   42.30
   39.95
   31.14
   47.60
   26.98
   34.73
   38.24
   38.46
   45.09
   47.17
   44.84
   43.17
   44.34
   24.16
   42.15
   35.17
   31.79
   30.96
   43.88
   12.65
   30.19
   44.96
   36.68
   29.39
   30.09
   34.82
   19.02
   29.89
   34.98
   25.56
   53.62
   21.18
   28.72
   46.82
   34.26
   31.40
   27.38
   39.12
   36.62
   42.90
   32.07
   40.64
   54.40
   40.43
   39.72
   56.14
   40.06
   49.10
   41.50
   38.19
   36.41
   33.08
   43.18
   36.15
   49.41
   33.80
   35.75
   35.08
   21.00
   36.90
   39.80
   53.06
   35.18
   38.15
   37.19
   51.19
   32.48
   39.77
   41.65
   32.12
   35.54
   27.26
   33.61
   35.53
   32.16
   30.28
   30.38
   31.06
   11.82
   30.21
   33.43
   37.09
   37.29
   49.72
   34.69
   45.25
   31.76
   33.36
   37.40
   35.35
   41.63
   40.96
   45.66
   47.72
   31.67
   39.59
   38.32
   35.69
   26.50
   34.61
   40.89
   47.24
   34.75
   34.14
   37.69
   22.08
   32.36
   34.17
   33.18
   40.78
   19.48
   32.26
   37.97
   38.19
   33.88
   33.85
   44.70
   29.76
   36.72
   22.16
   26.03
   26.19
   37.28
   44.22
   30.28
   42.31
   35.63
   25.53
   42.18
   30.76
   15.80
   30.42
   37.02
   43.59
   38.69
   51.73
   47.87
   36.66
   34.37
   30.04
   27.43
   49.20
   36.88
   26.97
   45.07
   44.51
   27.10
   26.90
   29.14
   26.84
   31.29
   44.58
   27.07
   27.89
   34.15
   44.88
   38.02
   43.12
   31.30
   32.68
   34.58
   25.84
   39.02
   39.29
   24.64
   52.33
   56.19
   27.80
   47.85
   26.80
   34.12
   29.92
   36.53
   34.74
   30.56
   42.34
   44.69
   35.37
   18.95
   52.70
   13.83
   38.42
   33.21
   38.39
    9.75
   29.73
   28.58
   40.46
   30.12
   33.07
   38.10
   26.33
   32.89
   38.23
   41.14
   28.41
   33.80
   31.10
   32.30
   29.59
   42.62
   27.36
   34.95
   25.28
   40.64
   52.06
   31.44
   39.67
   29.25
   33.45
   40.34
   34.85
   23.13
   26.59
   29.15
   36.10
   36.03
   37.04
   39.93
   32.57
   43.15
   28.49
   39.19
   46.18
   35.07
   44.47
   39.46
   31.88
   16.59
   38.69
   33.28
   41.13
   34.40
   35.72
   42.48
   28.42
   47.27
   46.49
   42.78
   38.07
   41.06
   25.47
   38.15
   44.92
   29.47
   19.53
   38.35
   40.07
   34.31
   22.17
   41.24
   34.22
   23.59
   17.39
   42.18
   45.81
   39.78
   44.86
   40.00
   34.75
   27.50
   37.76
   43.38
   29.11
   42.28
   35.03
   40.84
   41.89
   44.43
   24.94
   38.11
   40.78
   39.42
   35.84
   32.92
   49.39
   41.05
   33.62
   35.56
   41.36
   37.41
   34.30
   38.54
   26.11
   47.14
   35.71
   45.93
   39.48
   33.31
   47.72
   21.25
   32.19
   38.11
   47.06
   34.22
   40.12
   42.82
   42.67
   39.95
   36.46
   45.16
   16.08
   50.34
   40.12
   34.50
   21.94
   38.66
   42.88
   20.71
   36.26
   32.37
   24.82
   41.49
   36.86
   30.06
   29.12
   21.65
   42.50
   41.33
   17.97
   43.24
   39.23
   29.41
   52.45
   46.82
   43.68
   40.65
   42.79
   39.40
   33.60
   26.61
   45.04
   41.00
   39.74
   32.49
   35.18
   29.83
   32.27
   32.60
   32.56
   42.85
   30.97
   21.79
   45.47
   56.71
   33.04
   27.30
   28.96
   32.42
   33.85
   62.24
   36.90
   22.94
   42.08
   39.49
   40.27
   21.55
   42.96
   37.21
   31.65
   30.28
   26.19
   43.01
   41.05
   38.27
   36.77
   27.50
   46.03
   37.50
   46.42
   46.40
   27.63
   44.22
   21.14
   30.13
   27.78
   37.60
   13.95
   38.31
   30.75
   29.04
   36.14
   30.46
   37.91
   17.20
   34.17
   18.00
   31.27
   24.09
   36.53
   43.69
   53.67
   33.60
   46.01
   41.83
   27.49
   36.38
   38.98
   31.73
   44.86
   41.97
   41.56
   30.37
   38.41
   24.01
   29.93
   27.25
   32.71
   28.27
   34.08
   31.90
   39.82
   41.10
   33.03
   33.35
   47.18
   39.94
   41.09
   29.71
   35.02
   42.21
   45.68
   26.58
   38.51
   37.76
   22.95
   51.38
   37.64
   40.14
   48.31
   45.08
   32.13
   34.27
   31.47
   39.82
   45.10
   36.10
   44.42
   37.87
   45.60
   37.24
   31.96
   25.26
   26.30
   39.30
   51.00
   42.02
   41.65
   26.26
   28.65
   34.88
   40.62
   40.58
   31.55
   38.57
   45.52
   37.71
   43.08
   29.60
   28.03
   42.00
   45.94
   33.30
   32.48
   31.10
   36.72
   40.97
   41.17
   39.55
   40.50
   28.93
   43.32
   35.52
   35.12
   40.72
   42.69
   33.82
   43.54
   23.44
   30.41
   54.29
   33.69
   25.10
   32.17
   36.88
   32.20
   23.66
   32.10
   38.54
   40.59
   36.55
   44.37
   48.95
   58.09
   39.79
   33.82
   34.10
   39.48
   31.00
   37.46
   55.36
   31.21
   49.42
   23.66
   44.49
   31.93
   26.47
   36.46
   37.11
   19.29
   36.41
   20.97
   27.73
   40.97
   40.63
   33.17
   44.62
   41.24
   39.00
   28.17
   41.51
   28.44
   32.72
   38.73
   47.30
   40.51
   34.37
   32.89
   47.93
   40.04
   26.89
   37.48
   43.43
   24.96
   18.50
   38.06
   43.73
   29.13
   43.46
   24.71
   43.59
   29.43
   31.38
   51.56
   30.36
   40.54
   40.43
   28.09
   24.17
   38.63
   26.77
   38.17
   36.93
   42.21
   26.56
   45.52
   20.18
   51.97
   44.71
   46.66
   34.92
   39.18
   51.41
   30.16
   38.27
   36.12
   54.80
   18.91
   35.85
   37.59
   38.95
   26.32
   36.49
   38.60
   28.28
   36.39
   39.35
   35.90
   42.97
   43.27
   36.46
   43.36
   35.37
   33.83
   17.76
   35.35
   38.08
   43.82
   24.93
   37.09
   39.55
   32.47
   43.90
   38.37
   40.34
   37.57
   34.15
   35.87
   42.05
   39.88
   28.35
   41.35
   45.63
   36.66
   41.56
   27.21
   34.10
   34.19
   32.73
   31.32
   36.77
   29.22
   26.25
   33.40
   29.96
   28.99
   41.02
   28.59
   29.99
   36.13
   37.11
   41.04
   49.80
   34.39
   48.84
   26.08
   29.21
   35.10
   37.23
   23.23
   36.08
   32.16
   46.64
   35.11
   32.46
   40.78
   41.92
   36.42
   34.32
   23.40
   35.38
   43.57
   36.23
   40.76
   43.83
   42.56
   36.10
   41.02
   47.10
   37.99
   39.42
   37.82
   40.47
   38.32
   37.92
   39.66
   20.93
   33.30
   35.54
   35.70
   40.68
   38.95
   36.46
   32.00
   36.51
   51.52
   32.71
   54.84
   31.82
   28.82
   42.17
   39.72
   48.78
   42.87
   33.85
   47.68
   16.06
   36.66
   31.50
   44.88
   44.32
   43.89
   36.18
   11.90
   36.89
   21.90
   43.17
   40.00
   43.01
   48.91
   37.25
   37.94
   47.16
   37.15
   43.88
   18.50
   23.95
   39.39
   33.38
   20.08
   42.06
   18.22
   40.94
   42.06
   36.52
   38.57
   45.12
   36.78
   37.57
   49.31
   32.31
   42.30
   39.23
   45.13
   23.94
   47.74
   42.72
   19.77
   40.70
   31.96
   37.93
   48.57
   45.03
   40.23
   29.96
   39.79
   34.61
   48.96
   32.38
   23.02
   30.01
   26.22
   38.02
   19.69
   23.46
   32.79
   41.43
   20.77
   45.09
   21.79
   37.80
   41.27
   42.89
   48.80
   37.88
   51.64
   45.99
   17.66
   36.71
   34.64
   37.18
   39.31
   34.98
   29.45
   39.58
   31.39
   33.36
   45.24
   40.84
   22.99
   38.61
   32.82
   40.23
   42.43
   18.43
   34.28
   21.21
   31.68
   37.62
   43.74
   37.97
   15.53
   31.48
   32.22
   41.78
   48.47
   37.60
   40.22
   34.27
   31.18
   29.88
   37.44
   39.34
   32.22
   53.45
   20.88
   36.90
   47.99
   46.12
   47.45
   36.31
   41.86
   47.72
   18.63
   35.10
   28.37
   52.87
   18.29
   49.22
   41.40
   18.43
   42.38
   48.69
   15.07
   28.74
   28.37
   35.41
   21.05
   41.36
   37.07
   43.10
   42.33
   33.62
   39.48
   24.65
   34.84
   34.45
   49.80
   38.66
   26.79
   36.41
   22.34
   37.45
   12.22
   37.28
   33.65
   47.28
   39.79
   36.08
   44.39
   45.91
   24.16
   32.31
   35.66
   32.39
   34.30
   54.36
   34.12
   45.62
   38.01
   33.64
   38.82
   32.98
   27.09
   35.55
   45.25
   35.66
   36.19
   39.45
   51.16
   41.72
   49.25
   42.88
   40.75
   40.39
   31.38
   32.14
   36.92
   40.35
   12.22
   44.34
   12.01
   39.07
   50.47
   36.51
   24.67
   37.57
   35.60
   44.64
   41.31
   50.34
   30.75
   41.54
   47.77
   28.59
   22.79
   47.73
   45.19
   45.85
   39.91
   44.28
   18.02
   41.82
   44.05
   40.76
   31.70
   36.95
   38.52
   43.44
   34.14
   41.88
   37.94
   39.96
   25.15
   49.09
   48.55
   33.86
   38.35
   34.10
   27.75
   39.22
   48.86
   44.90
   27.66
   36.57
   47.41
   35.91
   36.59
   50.66
   18.01
   35.98
   40.11
   39.78
   37.08
   43.43
   53.87
   23.19
   37.09
   36.55
   23.70
   41.28
   38.20
   16.37
   42.96
   40.61
   35.58
   30.74
   46.66
   55.89
   42.89
   25.09
   36.68
   48.31
   37.96
   22.45
   25.42
   36.47
   32.57
   37.85
   39.45
   56.95
   13.07
   39.47
   36.18
   33.88
   33.81
   23.79
   38.70
   41.63
   42.86
   24.66
   36.51
   27.93
   36.76
   38.74
   44.42
   21.98
   35.99
   17.62
   46.18
   35.43
   22.79
   51.83
   36.66
   24.76
   36.65
   34.55
   43.56
   28.93
   40.10
   38.44
   33.32
   36.40
   28.27
   26.17
   41.95
   31.86
   28.96
   42.32
   34.39
   49.96
   19.36
   31.95
   27.30
   46.08
   29.92
   32.97
   31.60
   29.61
   24.50
   35.74
   48.71
   23.63
   42.78
   28.40
   52.12
   43.47
   32.93
   17.35
   29.90
   21.00
   42.89
   40.57
   28.05
   34.18
   35.27
   22.35
   38.63
   40.41
   34.54
   40.34
   37.37
   45.85
   23.15
   33.72
   40.62
   40.24
   35.61
   36.58
   41.92
   23.91
   45.76
   30.15
   43.41
   33.95
   23.16
   29.66
   42.83
   40.53
   35.33
   40.40
   40.31
   22.57
   53.44
   19.14
   46.90
   40.80
   39.51
   35.95
   30.29
   41.13
   42.36
   55.44
   46.45
   32.92
   26.77
   36.42
   38.02
   26.53
   24.24
   28.89
   46.16
   13.25
   42.48
   35.72
   41.22
   34.82
   41.56
   33.12
   25.07
   37.41
   41.65
   33.84
   33.36
   19.32
   39.33
   34.81
   41.86
   25.28
   23.21
   21.41
   43.93
   42.20
   36.05
   19.60
   33.14
   43.44
   41.91
   19.60
   32.81
   39.45
   26.33
   33.40
   37.57
   39.53
   27.94
   39.19
   19.73
   41.66
   37.94
   37.98
   32.77
   26.27
   37.56
   43.39
   41.46
   34.42
   18.32
   43.05
   41.15
   24.83
   41.01
   19.90
   30.35
   34.76
   37.40
   38.71
   31.61
   43.94
   36.69
   47.75
   46.00
   39.27
   38.07
   33.03
   38.48
   42.92
   33.58
   31.71
   27.84
   42.78
   36.25
   37.63
   23.43
   29.69
   28.26
   42.29
   50.86
   40.94
   26.84
   46.06
   34.49
   34.66
   39.16
   46.35
   35.44
   30.74
   47.60
   35.79
   42.40
   43.21
   46.33
   41.74
   30.10
   43.42
   38.35
   45.49
   30.24
   28.46
   37.18
   33.65
   46.11
   40.74
   47.27
   24.27
   30.41
   49.19
   35.35
   22.00
   40.82
   24.38
   46.61
   36.54
   49.98
   31.83
   37.10
   30.85
   25.06
   34.56
   42.33
   42.55
   33.77
   56.09
   30.32
   38.82
   50.19
   54.90
   26.68
   39.11
   30.42
   14.71
   32.72
   37.82
   44.44
   27.87
   42.41
   49.35
   26.50
   43.20
   47.70
   31.98
   43.69
   33.09
   29.34
   40.29
   40.81
   32.60
   38.82
   42.64
   43.10
   51.11
   36.63
   48.13
   44.68
   38.62
   42.73
   35.34
   34.99
   38.04
   40.58
   24.75
   38.14
   49.88
   41.93
   49.39
   38.53
   26.60
   38.21
   36.77
   19.77
   26.76
   22.57
   37.72
   50.44
   51.22
   35.40
   49.69
   24.47
   36.19
   49.01
   27.10
   36.64
   26.62
   41.40
   44.41
   36.22
   39.79
   44.41
   25.38
   41.03
   32.43
   39.43
   45.38
   36.20
   17.74
   42.06
   38.70
   33.56
   48.04
   38.79
   35.81
   30.11
   34.65
   36.28
   21.54
   35.38
   25.12
   37.19
   32.51
   42.13
   21.64
   33.64
   29.73
   47.08
   41.20
   34.74
   45.08
   46.47
   25.04
   39.48
   30.67
   25.57
   36.37
   40.29
   44.68
   42.22
   34.16
   42.01
   42.81
   26.28
   41.81
   30.85
   45.06
   28.39
   31.89
   32.84
   30.84
   40.07
   41.92
   33.71
   48.71
   32.05
   39.06
   32.62
   24.99
   41.24
   40.45
   44.50
   42.75
   46.73
   49.20
   35.32
   37.94
   44.45
   14.28
   37.23
   24.36
   32.14
   53.34
   34.37
   41.39
   37.79
   37.64
   22.07
   46.16
   37.20
   32.87
   38.76
   48.93
   36.47
   38.53
   33.14
   39.17
   33.19
   38.39
   34.40
   33.84
   39.51
   23.03
   44.22
   39.03
   38.24
   40.36
   39.07
   37.07
   31.83
   52.39
   43.87
   35.34
   40.21
   43.34
   30.27
   40.54
   46.31
   41.10
   44.25
   43.70
   41.49
   35.85
   34.18
   37.60
   36.51
   45.73
   33.90
   26.08
   24.94
   35.94
   28.38
   30.70
   38.06
   41.40
   37.08
   30.25
   26.44
   35.02
   39.75
   33.16
   49.38
   35.35
   30.03
   19.27
   31.51
   39.26
   48.41
   30.42
   45.79
   23.48
   52.73
   43.03
   32.11
   36.39
   34.25
   48.18
   35.78
   39.89
   34.25
   27.03
   41.38
   27.42
   25.44
   35.82
   31.36
   25.12
   38.45
   53.18
   43.28
   45.07
   42.50
   41.94
   27.91
   33.53
   50.42
   30.61
   44.89
   19.96
   35.50
   49.46
   19.90
   35.16
   40.39
   24.21
   40.76
   22.57
   41.31
   37.95
   41.66
   29.43
   44.87
   43.19
   36.37
   35.83
   44.81
   29.39
   46.09
   43.41
   41.12
   51.16
   19.82
   35.58
   42.03
   27.00
   34.57
   37.58
   30.50
   22.83
   35.22
   29.71
   40.76
   42.48
   20.99
   49.87
   40.16
   28.80
   34.16
   45.75
   40.76
   42.55
   41.14
   32.73
   33.34
   46.78
   42.95
   33.47
   43.64
   36.86
   35.94
   43.00
   31.34
   23.40
   32.17
   29.24
   46.62
   26.65
   38.89
   26.10
   36.44
   37.41
   45.51
   33.44
   55.36
   26.88
   43.67
   32.41
   44.08
   33.40
   38.88
   21.69
   54.50
   38.92
   35.75
   35.00
   33.72
   52.52
   36.28
   29.00
   32.75
   38.60
   26.17
   41.63
   38.65
   39.51
   41.24
   31.66
   36.10
   29.16
   29.69
   39.13
   40.34
   41.57
   41.96
   28.01
   38.91
   40.18
   40.42
   22.16
   31.35
   29.41
   26.52
   34.11
   20.66
   34.69
   42.44
   40.33
   35.50
   37.08
   41.34
   41.15
   29.47
   16.88
   31.59
   36.97
   28.10
   28.72
   35.57
   41.36
   38.46
   32.10
   36.25
   45.78
   31.77
   41.67
   33.85
   30.51
   29.90
   44.82
   47.97
   40.96
   46.96
   42.04
   44.17
   29.13
   48.91
   40.27
   36.51
   32.80
   28.82
   40.03
   35.54
   40.91
   36.08
   31.49
   39.77
   23.50
   34.24
   38.53
   43.48
   25.18
   38.21
   49.16
   43.80
   39.92
   36.35
   25.18
   38.07
   51.01
   34.10
   35.96
   35.29
   37.78
   44.92
   39.02
   46.29
   48.72
   31.48
   40.55
   32.25
   42.09
   37.60
   32.94
   19.60
   29.37
   33.88
   16.69
   42.01
   32.33
   36.07
   47.26
   27.81
   38.94
   45.64
   23.53
   33.40
   41.30
   43.16
   37.27
   36.20
   45.17
   30.40
   19.98
   33.17
   26.48
   25.44
   23.17
   39.61
   27.86
   40.86
   39.39
   31.27
   44.11
   37.46
   35.43
   40.52
   26.75
   19.67
   29.05
   31.63
   43.07
   20.38
   42.73
   20.43
   30.22
   35.29
   48.04
   35.78
   12.89
   44.71
   33.52
   39.18
   42.07
   42.57
   37.71
   28.40
   19.24
   22.69
   46.43
   31.51
   35.73
   37.73
   32.40
   44.54
   35.68
   36.11
   26.35
   57.39
   46.28
   40.11
   39.46
   18.63
   19.40
   42.45
   37.66
   39.29
   41.57
   22.30
   49.82
   34.13
   30.05
   45.86
   29.09
   38.00
   43.37
   36.48
   48.57
   34.51
   32.08
   28.12
   27.56
   41.10
   38.23
   43.15
   21.10
   47.41
   26.20
   38.49
   34.22
   20.17
   36.78
   49.90
   47.29
   44.02
   35.84
   26.40
   42.54
   38.53
   22.05
   43.31
   36.66
   37.18
   33.22
   29.47
   28.83
   32.79
   30.54
   23.95
   42.68
   18.85
   34.72
   37.88
   36.53
   34.23
   39.12
   48.21
   40.43
   22.31
   34.27
   30.07
   36.53
   41.37
   29.20
   53.58
   37.83
   25.74
   34.10
   37.96
   35.12
   29.83
   40.26
   32.53
   37.10
   41.25
   41.11
   32.45
   23.40
   39.77
   40.81
   33.32
   33.97
   39.84
   36.29
   45.94
   49.77
   46.87
   44.37
   23.76
   23.21
   18.19
   27.52
   49.12
   26.75
   43.41
   15.55
   41.02
   39.22
   35.04
   42.57
   35.24
   38.50
   27.34
   34.80
   21.65
   44.58
   34.89
   41.45
   42.75
   41.27
   21.52
   39.56
   25.61
   55.15
   38.41
   43.47
   27.63
   47.60
   44.96
   23.24
   44.52
   46.26
   41.49
   41.15
   39.75
   31.79
   27.42
   26.19
   36.90
   36.55
   42.37
   28.48
   31.82
   35.81
   34.91
   40.63
   35.18
   47.59
   33.69
   39.50
   41.55
   36.61
   40.65
   50.95
   44.60
   44.36
   40.56
   26.72
   38.88
   41.19
   43.41
   35.63
   39.46
   43.59
   32.86
   43.13
   25.60
   47.99
   46.76
   29.22
   40.28
   45.68
   34.34
   29.35
   45.99
   44.04
   29.86
   40.81
   44.69
   42.32
   44.91
   40.22
   45.08
   32.77
   45.06
   27.38
   34.01
   33.31
   32.59
   43.16
   40.15
   40.08
   24.94
   34.82
   33.97
   36.74
   35.71
   25.40
   46.35
   36.90
   32.35
   29.77
   40.78
   38.66
   33.56
   40.79
   32.24
   44.42
   41.33
   47.94
   34.36
   42.96
   37.60
   30.97
   45.75
   37.74
   28.01
   42.45
   46.65
   32.63
   46.68
   36.94
   32.20
   32.91
   44.04
   37.32
   37.76
   33.82
   46.14
   29.35
   41.35
   31.65
   30.62
   44.51
   45.46
   44.90
   40.64
   31.51
   39.22
   39.50
   44.49
   30.35
   36.16
   48.52
   38.02
   47.46
   37.48
   42.22
   45.21
   32.55
   49.49
   38.43
   37.55
   31.25
   31.15
   37.28
   46.07
   18.35
   32.70
   23.60
   33.30
   43.17
   43.81
   45.69
   44.72
   31.98
   41.12
   37.02
   28.62
   44.19
   36.29
   36.54
   50.97
   38.79
   37.86
   36.82
   25.27
   29.93
   34.77
   38.11
   31.36
   38.07
   34.68
   42.46
   34.98
   37.47
   30.95
   29.15
   41.91
   36.57
   39.10
   35.07
   17.53
   36.33
   33.82
   44.55
   27.01
   33.55
   38.08
   30.90
   42.58
   39.38
   29.80
   37.31
   38.92
   31.29
   38.96
   38.68
   22.48
   36.20
   29.21
   30.77
   39.19
   38.83
   34.55
   36.09
   37.33
   45.86
   28.09
   44.62
   21.22
   27.18
   42.89
   40.39
   37.96
   37.80
   44.31
   41.25
   24.37
   37.88
   14.52
   37.52
   39.46
   52.66
   44.04
   32.14
   40.78
   45.63
   39.56
   41.09
   39.33
   30.36
   35.14
   44.01
   44.10
   42.62
   31.10
   41.71
   39.05
   35.49
   44.17
   36.30
   51.35
   36.46
   36.28
   24.83
   37.98
   31.51
   41.36
   33.03
   36.17
   38.69
   31.03
   47.80
   36.95
   41.13
   21.96
   36.28
   24.63
   38.76
   34.03
   26.38
   37.81
   29.20
   37.93
   43.01
   39.16
   36.60
   33.33
   40.69
   36.56
   41.28
   37.85
   32.67
   39.33
   43.82
   38.80
   37.57
   20.43
   38.59
   27.61
   38.20
   34.29
   33.07
   27.65
   34.68
   40.10
   41.00
   29.27
   47.69
   32.85
   34.02
   24.45
   31.80
   37.24
   37.31
   33.42
   38.99
   17.94
   54.41
   36.53
   37.45
   40.10
   34.96
   31.21
   34.88
   26.34
   44.28
   44.01
   44.67
   38.85
   30.44
   38.50
   31.82
   40.73
   38.94
   45.59
   35.61
   36.89
   29.96
   34.77
   40.93
   37.89
   41.79
   56.35
   37.46
   31.45
   21.99
   42.69
   28.38
   27.71
   20.32
   43.57
   19.25
   43.51
   31.98
   36.09
   26.18
   34.36
   44.20
   45.51
   36.52
   43.36
   33.76
   37.06
   36.95
   36.70
   40.92
   40.50
   33.57
   16.12
   10.81
   44.99
   39.31
   19.40
   32.34
   27.75
   37.46
   53.54
   27.70
   36.29
   33.79
   43.07
   26.45
   31.90
   31.53
   36.72
   51.04
   25.53
   38.36
   45.18
   46.04
   36.12
   37.27
   16.01
   34.85
   40.03
   35.16
   34.34
   22.75
   40.78
   31.69
   36.25
   32.20
   44.41
   38.40
   20.28
   33.30
   21.78
   17.65
   36.51
   38.14
   41.30
   32.05
   39.00
   33.99
   17.77
   44.39
   38.18
   46.62
   38.09
   40.57
   30.22
   39.30
   23.14
   43.74
   36.45
   44.97
   43.04
   39.02
   37.71
   51.85
   39.05
   33.10
   29.39
   27.44
   38.66
   35.61
   29.39
   38.67
   40.79
   38.81
   13.26
   20.57
   39.57
   38.15
   29.75
   39.13
   45.30
   46.99
   37.17
   31.30
   29.82
   32.25
   46.53
   33.80
   41.18
   37.58
   33.75
   27.33
   32.43
   43.51
   35.98
   42.48
   37.83
   40.55
   31.35
   34.58
   34.32
   29.68
   40.43
   44.24
   32.40
   40.11
   32.78
   17.02
   42.03
   38.23
   39.55
   18.56
   28.32
   37.58
   34.89
   36.40
   39.81
   38.46
   27.78
   35.59
   38.26
   17.61
   22.38
   50.90
   49.02
   40.17
   51.31
   45.25
   35.03
   36.76
   39.30
   49.00
   47.71
   39.46
   37.85
   29.14
   36.74
   23.45
   17.27
   43.66
   38.77
   21.98
   40.79
   47.89
   43.62
   30.64
   37.70
   42.95
   37.44
   29.39
   38.50
   31.32
   36.20
   28.28
   41.77
   40.69
   44.28
   26.93
   46.66
   41.55
   37.42
   36.22
   34.75
   32.92
   37.50
   25.06
   44.56
   32.18
   32.88
   33.38
   28.95
   14.69
   36.04
   28.96
   49.27
   38.65
   33.71
   34.11
   48.15
   36.48
   42.56
   38.67
   49.88
   30.81
   52.63
   47.09
   33.89
   39.22
   39.38
   32.37
   37.21
   41.72
   31.36
   33.46
   37.22
   38.06
   40.61
   41.91
   41.39
   32.35
   44.00
   39.48
   44.35
   29.87
   43.96
   23.27
   40.89
   36.96
   36.58
   46.26
   45.89
   37.61
   40.98
   31.43
   27.91
   33.87
   32.00
   39.33
   41.30
   22.52
   40.44
   35.24
   26.64
   45.67
   35.04
   28.06
   42.70
   32.36
   48.77
   45.21
   33.38
   44.13
   41.24
   37.27
   34.92
   40.27
   45.54
   31.28
   28.47
   31.87
   35.85
   41.40
   35.75
   39.27
   37.23
   36.16
   50.06
   35.47
   39.51
   49.70
   23.29
   41.58
   32.97
   28.43
   39.41
   21.25
   40.83
   41.55
   27.98
   55.41
   47.44
   29.03
   23.85
   34.15
   39.11
   27.81
   35.04
   30.89
   34.65
   37.35
   21.52
   37.55
   35.05
   27.01
   36.19
   29.60
   42.14
   38.19
   42.41
   38.24
   41.62
   35.69
   37.58
   44.16
   52.36
   17.98
   28.69
   36.62
   39.59
   33.35
   26.69
   51.54
   39.66
   29.21
   35.70
   35.44
   26.49
   37.18
   31.22
   27.04
   48.65
   37.97
   25.45
   48.61
   42.88
   34.48
   36.28
   35.53
   35.54
   48.33
   26.58
   48.74
   39.02
   26.88
   48.63
   52.71
   25.49
   29.84
   31.04
   35.45
   38.91
   27.27
   38.31
   35.64
   33.45
   40.73
   32.52
   38.49
   27.28
   25.00
   32.77
   21.28
   40.77
   32.66
   48.54
   31.49
   41.82
   36.17
   23.84
   27.09
   40.91
   35.18
   51.52
   39.03
   25.36
   41.35
   46.48
   38.19
   46.21
   36.06
   25.77
   37.76
   36.36
   33.76
   32.32
   31.94
   43.21
   46.33
   46.42
   15.60
   38.36
   38.61
   37.80
   28.14
   35.46
   42.66
   36.86
   29.08
   39.13
   51.46
   35.49
   34.29
   25.62
   31.10
   47.48
   41.41
   26.12
   19.31
   51.59
   39.98
   27.29
   33.19
   37.03
   47.57
   31.68
   40.37
   41.67
   37.65
   29.81
   40.16
   32.07
   40.94
   48.87
   37.38
   35.37
   50.88
   37.00
   48.99
   34.09
   27.27
   42.75
   34.49
   46.62
   52.92
   36.21
   36.98
   40.09
   34.78
   38.48
   23.80
   41.93
   34.09
   38.30
   36.61
   36.10
   47.02
   41.51
   26.99
   30.37
   49.34
   41.34
   38.88
   39.95
   39.04
   32.05
   42.55
   41.31
   35.87
   24.42
   39.04
   42.84
   33.36
   35.18
   31.38
   48.97
   40.88
   31.66
   34.25
   25.96
   32.05
   48.18
   32.44
   40.08
   47.78
   31.97
   31.68
   36.55
   42.14
   42.27
   27.32
   40.16
   42.49
   35.76
   37.22
   44.89
   38.02
   44.10
   30.78
   30.78
   35.21
   37.56
   47.56
   31.38
   40.32
   46.31
   36.58
   50.20
   35.98
   21.88
   40.90
   41.86
   13.03
   34.68
   28.82
   37.05
   51.72
   37.31
   39.26
   32.78
   32.89
   39.84
   29.34
   36.55
   37.61
   41.60
   41.47
   24.84
   37.64
   37.79
   33.32
   30.65
   42.01
   37.41
   24.32
   20.39
   33.20
   33.24
   32.80
   30.80
   42.93
   42.62
   29.56
   29.26
   42.73
   36.32
   33.58
   30.67
   43.07
   32.67
   48.28
   37.92
   47.13
   31.12
   34.17
   51.34
   42.89
   49.71
   40.52
   51.09
   45.59
   34.50
   37.90
   34.55
   30.29
   41.76
   26.50
   34.18
   38.36
   34.21
   37.84
   39.76
   39.92
   32.94
   41.76
   29.00
   31.53
   38.80
   34.64
   46.56
   31.30
   45.61
   38.22
   35.09
   50.42
   42.04
   44.91
   28.37
   30.68
   41.77
   37.46
   36.26
   24.31
   37.58
   39.01
   34.58
   40.27
   34.04
   35.85
   44.54
   46.87
   44.54
   42.64
   40.93
   44.81
   38.73
   31.39
   35.65
   19.42
   33.28
   39.15
   22.71
   28.15
   37.78
   46.01
   23.16
   36.36
   31.84
   32.67
   35.33
   38.49
   35.94
   45.92
   46.51
   12.43
   44.05
   33.18
   40.91
   29.30
   39.11
   39.46
   29.06
   34.96
   52.62
   37.11
   47.46
   40.05
   42.16
   31.76
   37.10
   37.37
   33.29
   45.80
   44.23
   46.11
   53.56
   43.55
   39.56
   21.64
   20.97
   32.20
   44.76
   44.58
   37.52
   35.69
   28.08
   39.43
   33.02
   42.97
   45.10
   26.19
   39.47
   40.52
   51.94
   23.80
   41.69
   41.34
   36.49
   31.29
   28.17
   41.73
   27.23
   45.37
   35.44
   40.50
   32.61
   45.91
   47.38
   40.66
   31.44
   17.96
   45.08
   24.76
   41.69
   29.44
   42.06
   33.97
   39.61
   28.49
   35.95
   37.90
   36.87
   44.46
   26.54
   47.06
   44.52
   33.40
   40.29
   38.64
   35.77
   44.22
   30.70
   42.45
   49.06
   47.96
   44.41
   40.60
   26.32
   44.50
   52.48
   34.94
   42.41
   44.80
   29.88
   40.47
   33.27
   41.12
   41.39
   35.11
   30.59
   47.94
   27.57
   48.30
   32.67
   39.88
   36.19
   31.92
   34.95
   39.70
   27.36
   46.38
   57.99
   35.84
   41.72
   35.12
   40.10
   21.18
   43.37
   39.80
   50.47
   44.15
   49.20
   39.41
   44.64
   32.86
   37.73
   18.97
   34.25
   36.05
   33.15
   31.17
   36.02
   44.98
   27.40
   46.64
   14.03
   36.59
   33.38
   36.37
   24.36
   28.74
   34.56
   30.27
   46.79
   26.78
   48.85
   45.01
   42.28
   43.84
   30.63
   49.73
   43.35
   37.63
   49.35
   44.31
   34.26
   29.90
   26.06
   28.66
   39.56
   33.82
   57.74
   31.06
   44.65
   32.81
   23.08
   40.65
   18.49
   38.74
   45.52
   38.76
   28.13
   42.64
   38.52
   28.62
   28.75
   22.94
   33.66
   46.85
   39.70
   29.89
   43.53
   16.69
   25.04
   41.80
   46.92
   38.85
   28.73
   39.93
   27.05
   28.91
   42.89
   22.86
   37.95
   40.46
   42.92
   32.51
   51.47
   44.66
   27.92
   45.26
   24.41
   41.92
   36.45
   40.89
   47.09
   32.66
   11.71
   45.36
   32.65
   37.17
   44.33
   44.83
   22.87
   36.52
   34.48
   39.70
   34.51
   44.39
   22.59
   21.99
   30.51
   46.86
   45.44
   42.09
   34.99
   47.09
   36.58
   37.21
   31.74
   35.07
   43.26
   43.98
   34.22
   43.93
   43.92
   37.71
   31.48
   44.89
   46.97
   44.48
   41.00
   41.69
   45.37
   38.81
   56.36
   34.16
   48.61
   32.12
   13.60
   32.23
   43.13
   14.12
   41.49
   44.23
   44.80
   28.94
   37.44
   24.90
   33.91
   45.08
   36.83
   29.03
   36.72
   46.20
   53.84
   48.00
   41.72
   41.84
   39.47
   31.97
   42.68
   38.22
   38.57
   40.11
   39.69
   34.03
   50.29
   32.60
   32.31
   39.12
   36.84
   36.69
   37.59
   43.14
   37.31
   45.15
   36.74
   46.59
   40.17
   57.22
   38.76
   26.35
   33.93
   20.55
   43.10
   40.82
   43.78
   40.69
   44.04
   34.67
   41.43
   53.57
   35.37
   35.30
   30.53
   36.02
   34.94
   40.53
   36.30
   45.16
   42.12
   42.45
   41.67
   36.14
   33.93
   26.90
   43.78
   47.04
   15.32
   44.63
   43.13
   33.37
   43.10
   43.78
   43.17
   41.94
   48.08
   30.91
   46.29
   19.58
   32.33
   43.54
   31.96
   41.09
   43.21
   27.03
   38.64
   39.49
   46.19
   35.67
   43.49
   35.31
   46.54
   32.59
   29.99
   40.88
   40.14
   43.45
   31.20
   33.77
   26.37
   38.51
   25.28
   45.48
   20.56
   43.94
   18.78
   30.42
   26.84
   34.25
   43.28
   22.58
   52.66
   40.16
   43.80
   45.61
   39.96
   54.06
   44.05
   37.95
   32.11
   45.98
   39.76
   44.23
   38.36
   30.02
   14.21
   42.50
   28.57
   40.10
   35.10
   46.37
   40.13
   40.98
   40.00
   25.43
   42.23
   42.30
   34.03
   34.44
   43.94
   54.63
   37.40
   23.24
   43.68
   28.80
   23.45
   35.08
   39.50
   60.19
   56.01
   39.50
   37.43
   41.07
   39.01
   47.20
   42.99
   46.02
   33.41
   39.69
   33.22
   35.91
   26.02
   49.46
   48.46
   39.19
   48.29
   51.08
   40.19
   37.86
   27.23
   37.88
   40.35
   42.86
   28.68
   40.77
   32.18
   37.63
   48.87
   32.18
   26.47
   37.01
   26.44
   54.79
   37.04
   27.94
   31.86
   34.41
   54.90
   15.22
   33.86
   45.28
   36.79
   42.10
   26.91
   34.20
   41.78
   36.86
   47.79
   39.24
   20.30
   41.43
   30.60
   40.60
   59.42
   23.78
   27.09
   35.49
   40.21
   36.52
   42.12
   42.32
   41.61
   48.44
   33.59
   33.46
   43.10
   20.80
   34.90
   44.23
   43.98
   31.10
   33.90
   39.47
   52.61
   46.58
   18.87
   35.75
   39.69
   45.11
   42.89
   32.00
   25.38
   33.57
   42.77
   46.31
   41.88
   24.09
   37.45
   52.06
   35.61
   32.61
   36.94
   24.98
   22.35
   48.05
   40.43
   37.72
   46.32
   31.03
   34.34
   41.09
   26.43
   31.46
   33.91
   17.21
   43.11
   34.28
   43.25
   44.40
   53.56
   33.33
   45.41
   30.10
   23.26
   35.88
   44.31
   35.94
   35.67
   51.67
   31.96
   38.71
   20.29
   39.84
   17.75
   30.61
   25.89
   38.25
   42.97
   40.34
   33.61
   26.28
   37.46
   36.48
   45.96
   28.65
   31.85
   38.92
   38.45
   42.22
   26.89
   33.24
   45.70
   27.02
   34.49
   30.91
   29.27
   29.51
   35.26
   31.66
   34.58
   27.44
   41.25
   32.00
   36.31
   23.75
   38.70
   43.26
   45.44
   38.72
   30.85
   58.03
   42.01
   26.73
   40.26
   37.94
   32.94
   47.41
   45.06
   44.78
   51.10
   38.10
   45.21
   21.92
   43.36
   40.65
   37.05
   37.00
   40.82
   33.15
   41.82
   40.28
   25.99
   47.49
   43.57
   31.27
   29.36
   36.10
   40.86
   29.75
   34.11
   30.95
   31.71
   41.00
   32.94
   23.49
   34.88
   40.82
   39.75
   35.02
   47.22
   30.70
   16.67
   45.94
   50.02
   32.78
   48.65
   40.93
   43.17
   31.80
   22.19
   38.13
   46.66
   32.41
   39.70
   32.27
   44.74
   30.51
   27.86
   23.41
   32.73
   37.59
   26.53
   30.29
   32.42
   37.07
   32.89
   35.35
   33.00
   33.74
   31.14
   39.95
   36.54
   34.38
   24.41
   46.12
   46.95
   46.40
   46.58
   35.22
   33.25
   28.67
   33.47
   41.18
   46.41
   33.32
   49.00
   41.48
   40.85
   40.58
   40.31
   23.48
   45.40
   34.56
   48.22
   31.35
   33.96
   38.02
   38.10
   69.62
   30.82
   46.84
   24.96
   38.10
   45.28
   33.63
   43.11
   25.87
   30.28
   44.20
   43.90
   40.95
   46.54
   48.15
   36.63
   46.87
   30.63
   37.81
   39.96
   40.95
   46.41
   37.69
   30.78
   32.91
   37.32
   39.08
   20.38
   20.98
   39.14
   41.62
   37.13
   35.78
   19.94
   33.59
   51.37
   37.41
   36.96
   34.34
   42.69
   31.73
   27.24
   40.54
   25.62
   33.78
   39.74
   39.54
   44.56
   45.45
   48.07
   44.33
   36.03
   35.44
   44.39
   38.79
   43.66
   38.83
   37.38
   25.81
   22.96
   54.33
   29.29
   42.06
   29.17
   32.48
   31.15
   41.01
   32.19
   27.97
   33.92
   35.21
   28.81
   39.33
   42.40
   33.26
   27.73
   25.20
   43.67
   47.72
   33.72
   34.47
   54.55
   38.84
   42.01
   40.03
   29.23
   40.81
   39.02
   37.80
   40.07
   33.91
   49.45
   43.43
   37.51
   41.77
   17.08
   33.67
   41.07
   34.83
   44.18
   42.75
   28.94
   39.13
   43.82
   51.99
   33.43
   12.34
   25.54
   25.41
   36.81
   38.22
   35.52
   37.15
   32.02
   48.54
   36.53
   32.75
   47.27
   40.44
   21.43
   15.60
   29.66
   31.78
   34.07
   52.21
   38.43
   39.00
   27.36
   39.73
   43.87
   27.57
   37.69
   22.15
   35.01
   23.61
   41.41
   48.14
   46.94
   43.95
   19.68
   44.90
   50.44
   41.48
   39.00
   44.55
   44.55
   35.77
   26.52
   29.74
   47.30
   45.47
   42.83
   44.20
   20.39
   27.82
   50.65
   33.74
   30.54
   33.19
   30.66
   21.47
   38.28
   39.82
   31.49
   29.82
   44.64
   39.13
   50.58
   29.96
   41.42
   31.32
   32.28
   41.18
   40.84
   34.99
   16.91
   42.56
   45.04
   27.22
   25.07
   48.00
   38.07
   39.50
   37.06
   37.62
   29.28
   14.07
   44.14
   44.01
   43.73
   22.21
   43.26
   43.83
   36.48
   37.52
   44.23
   36.90
   35.20
   31.83
   48.32
   38.98
   44.09
   25.83
   33.93
   41.02
   49.93
   31.99
   39.13
   48.90
   39.75
   39.81
   49.36
   37.92
   37.22
   41.75
   41.87
   45.90
   28.37
   45.15
   37.62
   40.70
   44.50
   45.38
   43.87
   48.91
   52.26
   35.16
   35.14
   47.60
   39.13
   40.07
   32.07
   40.80
   27.66
   37.45
   34.53
   28.30
   40.41
   43.39
   37.58
   26.28
   35.61
   23.25
   45.47
   38.93
   17.57
   33.25
   42.52
   39.31
   46.30
   36.77
   36.71
   39.66
   18.54
   38.34
   27.65
   31.72
   43.69
   29.24
   39.93
   34.05
   32.92
   34.49
   28.31
   42.05
   48.02
   47.09
   39.74
   33.87
   43.26
   37.37
   35.98
   38.43
   44.34
   41.11
   44.33
   38.02
   36.83
   25.72
   26.30
   30.63
   37.53
   40.77
   33.61
   39.87
   43.26
   30.39
   14.75
   42.39
   19.13
   31.92
   41.04
   28.20
   42.65
   35.47
   43.20
   42.48
   44.58
   38.67
   40.02
   37.69
   25.33
   23.33
   45.20
   49.96
   19.48
   36.43
   43.65
   47.28
   34.49
   43.92
   37.73
   32.23
   37.24
   27.44
   39.20
   29.47
   43.84
   30.27
   20.11
   35.40
   27.44
   35.55
   46.62
   28.13
   47.91
   35.66
   41.07
   34.88
   32.30
   53.81
   40.37
   37.65
   53.13
   17.58
   45.88
   47.44
   33.04
   52.50
   24.39
   33.30
   40.97
   19.79
   34.98
   43.37
   39.87
   42.29
   42.84
   35.61
   29.27
   17.05
   40.59
   33.32
   38.27
   20.54
   36.87
   39.73
   39.46
   29.68
   31.23
   43.17
   37.51
   40.43
   30.71
   35.77
   23.34
   39.86
   47.14
   47.53
   17.36
   37.09
   48.07
   29.42
   50.73
   31.17
   30.58
   36.89
   39.98
   32.71
   37.02
   37.59
   41.29
   24.34
   28.23
   31.32
   42.69
   43.87
   34.72
   40.31
   39.18
   42.39
   40.92
   42.55
   43.63
   44.31
   39.03
   39.76
   39.18
   35.66
   34.07
   35.95
   34.21
   40.96
   44.05
   43.57
   41.79
   41.76
   37.43
   23.04
   36.52
   26.00
   45.28
   44.51
   22.77
   37.52
   25.48
   25.98
   35.78
   18.99
   33.87
   43.69
   32.40
   27.99
   43.77
   44.62
   30.73
   43.87
   40.28
   38.67
   43.99
   38.26
   25.44
   21.68
   36.92
   44.36
   42.92
   30.66
   32.42
   38.74
   49.84
   41.39
   16.17
   36.78
   15.61
   43.36
   40.16
   27.78
   36.26
   48.78
   38.47
   50.62
   41.59
   28.68
   43.88
   25.03
   34.44
   45.54
   30.60
   16.20
   25.56
   43.59
   12.59
   32.82
   47.83
   28.16
   40.10
   45.28
   26.76
   26.66
   39.20
   46.19
   29.02
   22.37
   31.69
   41.72
   32.09
   30.14
   38.39
   22.05
   43.78
   40.07
   35.87
   35.22
   37.46
   40.64
   32.58
   24.23
   36.42
   35.28
   55.52
   36.86
   35.68
   41.17
   31.82
   38.92
   40.05
   32.94
   41.90
   43.50
   33.66
   33.04
   40.09
   41.63
   45.54
   43.47
   49.42
   22.09
   52.09
   44.32
   40.02
   49.10
   40.02
   45.35
   32.09
   32.94
   46.17
   34.22
   14.32
   32.77
   36.76
   31.65
   31.56
   45.31
   52.11
   30.91
   47.11
   38.79
   41.41
   47.00
   30.58
   28.51
   33.69
   38.52
   33.15
   25.44
   44.80
   33.25
   22.71
   46.99
   58.76
   28.40
   27.34
   33.81
   36.00
   22.02
   33.05
   33.33
   32.54
   32.13
   37.84
   40.01
   29.51
   29.92
   37.59
   37.70
   35.62
   34.77
   47.34
   21.40
   32.36
   40.62
   34.55
   38.64
   46.91
   35.91
   35.03
   45.55
   46.50
   28.53
   40.90
   31.81
   41.43
   37.69
   34.68
   35.21
   19.75
   40.26
   51.40
   42.22
   33.53
   47.86
   37.24
   47.73
   29.72
   36.94
   19.28
   35.11
   34.15
   38.95
   30.61
   38.36
   17.90
   43.87
   44.57
   38.63
   24.68
   29.34
   23.66
   43.29
   25.93
   49.40
   40.70
   35.57
   37.12
   36.15
   29.90
   29.27
   20.36
   23.44
   30.94
   28.37
   51.19
   38.24
   27.40
   43.35
   28.20
   36.48
   29.82
   31.80
   31.90
   35.77
   44.19
   49.45
   21.93
   57.24
   37.22
   45.36
   46.23
   33.28
   34.73
   26.88
   32.22
   29.31
   26.50
   21.86
   37.85
   49.61
   24.46
   40.71
   30.11
   49.38
   37.50
   49.18
   18.96
   22.91
   30.05
   31.05
   36.27
   23.94
   36.13
   30.05
   44.13
   38.19
   32.08
   43.16
   21.22
   33.26
   30.81
   39.26
   41.40
   41.77
   31.37
   55.47
   44.77
   36.74
   41.26
   38.43
   39.95
   44.85
   35.31
   34.61
   41.54
   49.78
   41.72
   28.97
   40.81
   28.34
   36.28
   50.20
   34.11
   34.30
   51.63
   14.20
   34.12
   21.98
   13.19
   45.05
   53.29
   40.04
   38.42
   37.40
   40.68
   45.73
   42.36
   33.43
   49.94
   41.35
   31.02
   40.29
   31.57
   40.21
   26.42
   43.81
   29.28
   23.78
   33.37
   50.19
   38.22
   24.93
   39.31
   34.84
   38.16
   38.09
   38.30
   50.93
   29.34
   29.68
   28.66
   21.37
   40.07
   33.39
   31.75
   39.88
   33.07
   45.37
   39.17
   30.67
   41.95
   27.51
   37.51
   29.27
   39.91
   41.74
   34.74
   22.91
   43.12
   36.52
   38.60
   40.35
   51.96
   41.15
   35.82
   32.17
   57.02
   29.98
   45.70
   30.42
   42.64
   41.16
   30.74
   45.07
   37.95
   35.23
   41.75
   37.10
   37.70
   33.67
   28.58
   32.74
   46.90
   35.71
   37.08
   39.82
   39.93
   37.71
   46.74
   28.81
   28.74
   38.64
   33.16
   33.52
   34.95
   30.97
   45.00
   37.51
   24.64
   17.08
   37.70
   24.19
   53.92
   42.47
   43.22
   46.58
   45.53
   25.50
   30.56
   14.20
   20.31
   37.44
   44.32
   25.17
   43.67
   48.43
   25.66
   34.09
   55.21
   37.28
   36.37
   43.72
   36.80
   34.74
   38.93
   40.41
   40.44
   35.48
   45.61
   40.21
   43.75
   39.14
   39.58
   26.82
   41.30
   37.43
   32.03
   26.04
   35.31
   32.61
   40.83
   43.10
   52.61
   32.45
   32.42
   34.55
   28.55
   38.69
   39.66
   33.10
   21.28
   39.91
   29.73
   38.70
   21.06
   36.26
   39.99
   30.38
   34.27
   35.87
   29.21
   27.56
   41.14
   49.79
   31.99
   41.06
   42.91
   49.51
   17.16
   48.86
   41.75
   40.41
   40.59
   36.09
   25.78
   19.51
   37.66
   36.22
   38.64
   42.56
   39.60
   36.28
   12.63
   34.18
   47.10
   24.92
   43.38
   21.20
   35.76
   32.26
   46.85
   38.16
   39.53
   21.23
   42.06
   28.51
   47.54
   34.53
   27.87
   39.32
   46.25
   17.97
   41.75
   45.90
   31.19
   38.10
   42.89
   36.39
   28.29
   35.31
   35.39
   40.33
   37.01
   45.43
   19.31
   34.64
   28.30
   38.52
   33.04
   49.78
   49.55
   41.99
   37.27
   36.93
   42.49
   30.23
   52.22
   36.04
   13.25
   42.83
   30.25
   47.62
   45.78
   32.16
   38.12
   17.37
   29.01
   13.73
   31.66
   39.80
   29.28
   43.36
   40.56
   39.90
   25.58
   29.86
   26.55
   26.09
   43.98
   37.05
   34.52
   34.71
   30.43
   39.90
   41.23
   37.36
   38.07
   42.80
   41.13
   43.53
   38.05
   18.87
   30.35
   20.55
   41.04
   38.46
   17.13
   47.00
   38.03
   42.81
   25.14
   39.77
   27.56
   18.72
   39.25
   29.33
   34.65
   35.78
   52.01
   20.98
   38.38
   40.00
   42.27
   29.29
   32.11
   47.31
   38.26
   47.93
   30.77
   28.16
   34.90
   51.16
   24.93
   39.36
   15.87
   29.73
   46.82
   35.30
   42.83
   28.67
   38.17
   32.90
   40.53
   34.35
   45.29
   32.64
   27.55
   32.47
   38.04
   36.41
   24.98
   40.71
   21.57
   33.54
   47.26
   36.00
   29.91
   20.48
   44.82
   33.39
   29.33
   51.39
   36.73
   35.83
   24.24
   39.45
   36.10
   30.06
   36.93
   36.25
   40.48
   29.08
   32.72
   38.73
   30.15
   20.98
   29.09
   36.41
   28.19
   34.35
   34.96
   38.21
   31.31
   39.86
   43.44
   36.47
   24.84
   46.39
   48.05
   38.51
   43.20
   34.29
   25.79
   32.69
   33.58
   41.16
   38.93
   41.88
   37.57
   45.36
   30.49
   49.61
   33.75
   56.59
   43.64
   34.94
   39.83
   36.11
   37.08
   25.10
   31.78
   46.97
   50.29
   46.37
   45.52
   30.51
   28.02
   42.87
   26.85
   42.98
   43.68
   27.92
   36.75
   33.63
   36.69
   36.92
   41.73
   45.39
   45.70
   22.27
   32.12
   44.69
   41.97
   47.76
   35.37
   37.69
   40.25
   42.70
   43.38
   33.24
   30.77
   42.39
   28.76
   41.16
   47.46
   45.64
   40.91
   26.98
   45.54
   25.62
   40.98
   29.80
   36.82
   38.12
   42.65
   48.20
   36.86
   47.02
   34.57
   34.76
   36.74
   16.72
   35.65
   44.64
   39.81
   42.50
   46.19
   35.27
   37.75
   17.05
   39.53
   37.34
   35.76
   39.30
   46.27
   31.56
   42.21
   31.96
   32.59
   43.31
   52.70
   37.56
   25.96
   43.27
   47.37
   40.40
   43.82
   17.41
   41.51
   30.79
   31.80
   26.81
   49.70
   32.22
   47.38
   34.27
   53.66
   40.79
   43.21
   35.14
   34.74
   40.77
   28.17
   41.48
   44.84
   46.61
   43.82
   29.05
   40.27
   23.12
   41.90
   38.71
   33.77
   32.54
   42.31
   34.48
   34.40
   37.75
   26.84
   39.39
   39.90
   42.10
   47.27
   41.91
   40.24
   24.48
   47.59
   48.79
   27.05
   47.22
   27.85
   29.57
   36.06
   35.51
   38.20
   49.79
   29.12
   13.16
   35.97
   39.56
   42.66
   36.00
   25.06
   48.10
   49.62
   34.40
   35.28
   36.94
   39.86
   25.80
   34.17
   42.79
   38.39
   39.51
   47.77
   48.43
   35.63
   35.14
   33.90
   32.77
   34.03
   17.08
   38.16
   41.95
   34.73
   33.35
   39.57
   40.49
   29.09
   35.24
   13.48
   31.81
   14.51
   49.33
   41.54
   31.28
   17.55
   34.62
   38.99
   41.30
   39.26
   39.99
   40.86
   31.86
   40.60
   38.21
   41.16
   35.46
   33.76
   30.96
   41.68
   46.09
   35.05
   40.90
   43.40
   43.17
   35.89
   20.88
   32.02
   32.72
   44.95
   46.68
   35.90
   36.05
   26.86
   26.53
   15.79
   31.07
   26.10
   30.30
   38.22
   42.72
   32.95
   42.95
   39.07
   43.90
   35.74
   33.78
   35.04
   39.03
   30.39
   37.37
   39.85
   23.08
   34.73
   29.58
   29.55
   41.80
   41.43
   39.14
   35.92
   42.69
   46.55
   42.46
   41.10
   32.31
   32.22
   41.31
   41.55
   37.26
   33.24
   42.26
   34.69
   33.07
   36.58
   25.10
   27.97
   45.68
   26.75
   37.66
   39.12
   32.75
   43.28
   23.60
   34.48
   36.46
   34.99
   28.33
   36.77
   35.42
   31.12
   41.02
   40.07
   34.44
   30.36
   34.48
   33.49
   37.74
   35.85
   47.26
   40.79
   17.21
   32.32
   28.91
   41.08
   27.70
   46.21
   43.21
   34.25
   41.79
   40.21
   33.55
   27.67
   21.57
   29.42
   37.44
   43.18
   41.39
   27.91
   35.22
   24.58
   43.16
   37.05
   44.82
   35.90
   39.86
   28.44
   29.54
   52.78
   35.17
   25.36
   37.70
   29.69
   48.99
   47.73
   35.03
   25.04
   41.12
   29.13
   17.53
   34.11
   43.32
   48.96
   34.96
   40.74
   38.92
   44.84
   37.64
   48.11
   27.09
   45.87
   41.95
   41.03
   52.12
   34.64
   27.06
   25.35
   39.51
   38.90
   39.48
   38.59
   41.42
   37.06
   48.00
   52.46
   30.19
   39.71
   41.92
   36.30
   41.56
   18.92
   40.04
   35.46
   43.69
   46.89
   40.30
   26.95
   23.17
   31.76
   26.64
   36.71
   36.11
   21.88
   26.59
   40.63
   29.07
   31.39
   31.46
   27.02
   36.46
   35.87
   27.65
   39.78
   19.33
   25.56
   35.43
   40.14
   44.04
   42.40
   39.89
   35.32
   42.51
   43.46
   45.14
   32.12
   42.63
   39.18
   38.83
   40.26
   20.61
   29.83
   39.03
   32.94
   36.30
   52.52
   41.35
   30.73
   53.93
   23.77
   34.85
   40.19
   50.84
   35.04
   40.49
   31.93
   18.75
   38.82
   39.42
   19.33
   36.52
   41.52
   43.97
   30.17
   13.56
   28.54
   11.32
   42.67
   39.57
   40.62
   51.85
   36.20
   41.66
   31.11
   35.95
   29.27
   38.50
   32.57
   35.38
   35.90
   31.21
   42.37
   43.71
   46.73
   36.97
   35.72
   42.63
   36.69
   43.75
   34.83
   30.62
   29.56
   29.88
   41.82
   41.57
   43.85
   28.71
   35.84
   42.21
   20.31
   24.49
   45.08
   41.10
   29.54
   39.05
   40.42
   37.29
   32.97
   43.46
   23.40
   50.14
   24.69
   34.69
   36.70
   37.71
   31.68
   42.45
   32.04
   49.81
   31.78
   27.83
   46.04
   29.96
   45.36
   43.64
   45.57
   36.95
   36.81
   34.60
   24.79
   43.74
   26.96
   35.99
   58.34
   42.33
   33.32
   35.22
   45.77
   45.46
   35.58
   39.80
   26.17
   32.58
   12.19
   39.34
   49.30
   36.89
   36.74
   36.68
   48.79
   34.00
   28.86
   28.87
   44.68
   43.32
   41.16
   41.75
   32.85
   33.31
   30.04
   47.37
   53.70
   32.82
   38.02
   35.34
   42.49
   12.13
   41.72
   35.06
   41.77
   34.28
   46.88
   18.24
   25.01
   40.51
   45.49
   49.09
   31.49
   37.41
   37.50
   52.08
   44.08
   33.19
   51.63
   34.24
   39.10
   38.64
   35.49
   42.58
   35.33
   32.33
   23.25
   40.96
   28.28
   49.21
   26.32
   36.28
   23.07
   28.65
   39.45
   24.87
   31.03
   41.06
   46.15
   22.05
   37.14
   43.72
   41.56
   39.36
   28.09
   36.07
   39.89
   40.56
   27.15
   38.41
   47.24
   46.09
   30.84
   39.66
   27.10
   38.31
   35.27
   42.37
   37.94
   26.32
   31.25
   33.91
   39.02
   23.14
   42.63
   44.63
   27.98
   37.33
   39.57
   50.89
   32.60
   37.19
   40.14
   35.49
   26.77
   38.65
   29.02
   45.43
   50.08
   40.41
   20.34
   34.29
   27.98
   44.94
   45.80
   30.27
   37.29
   39.80
   34.17
   35.34
   45.76
   36.91
   26.50
   31.10
   49.01
   50.62
   24.93
   36.67
   34.55
   21.86
   34.81
   27.41
   32.39
   58.53
   28.78
   35.47
   35.68
   31.45
   33.41
   32.44
   33.05
   47.98
   42.70
   33.44
   41.33
   33.31
   46.36
   38.68
   37.03
   33.49
   41.85
   44.90
   36.59
   34.05
   44.44
   46.22
   22.77
   40.84
   40.29
   41.69
