   35.44
   33.72
   39.83
   29.13
   44.74
   28.93
   25.50
   36.98
   40.45
   29.93
   46.20
   36.16
   39.71
   31.78
   26.83
   32.59
   46.38
   23.01
   41.48
   30.72
   26.24
   37.26
   32.32
   27.29
   41.15
   42.43
   43.51
   34.07
   24.77
   28.38
   28.41
   25.42
   34.79
   14.72
   34.26
   24.42
   43.84
   27.91
   31.00
   37.82
   29.55
   41.18
   33.09
   37.30
   29.53
   34.99
   38.94
   30.83
   35.92
   36.08
   43.24
   42.90
   41.48
   41.94
   32.51
   36.83
   35.77
   18.86
   47.91
   32.14
   41.90
   36.29
   22.63
   35.98
   35.06
   27.78
   22.21
   26.12
   37.87
   14.34
   32.57
   28.86
   30.00
   38.05
   45.28
   32.02
   32.71
   28.32
   33.48
   23.84
   41.55
   36.36
   46.52
   34.27
   22.30
   31.05
   42.77
   43.71
   21.28
   30.37
   39.32
   36.93
   46.56
   42.97
   19.56
   48.57
   34.12
   45.88
   41.22
   30.08
   42.60
   38.52
   37.38
   36.90
   45.23
   33.62
   37.28
   38.05
   45.40
   32.99
   38.44
   13.94
   48.24
   36.76
   36.62
   19.01
   39.08
   37.61
   30.83
   41.42
   29.55
   30.46
   40.63
   34.79
   39.49
   41.03
   34.77
   34.25
   33.98
   31.17
   34.38
   29.75
   43.93
   31.04
   35.46
   19.90
   24.48
   24.54
   37.55
   35.91
   36.26
   28.34
   38.24
   28.07
   33.19
   44.05
   44.47
   23.40
   28.88
   35.49
   39.24
   28.45
   34.68
   52.44
   29.31
   51.23
   30.55
   32.09
   43.55
   38.55
   25.42
   27.47
   40.00
   30.85
   35.33
   45.84
   25.50
   46.73
   39.76
   33.42
   37.36
   45.95
   34.73
   27.52
   20.42
   34.52
   32.15
   26.80
   35.88
   32.68
   27.89
   31.22
   21.53
   15.62
   44.35
   41.20
   36.97
   32.20
   39.46
   25.56
   15.53
   32.21
   43.64
   34.11
   51.73
   37.21
   41.16
   36.54
   39.58
   26.21
   44.21
   40.63
   39.36
   38.26
   38.19
   21.52
   24.84
   22.27
   41.20
   31.40
   42.09
   13.66
   25.57
   41.90
   33.15
   38.91
   46.10
   40.63
   18.48
   15.22
   42.60
   38.08
   35.47
   36.89
   30.18
   30.22
   35.46
   22.84
   26.90
   25.27
   40.50
   29.81
   42.43
   40.81
   28.46
   39.29
   37.87
   24.81
   22.53
   13.50
   39.13
   29.33
   37.24
   41.57
   25.49
   33.55
   44.45
   32.21
   31.19
   35.19
   38.15
   43.78
   26.39
   39.35
   36.45
   18.78
   28.04
   42.94
   38.11
   39.90
   41.34
   40.27
   15.12
   22.66
   31.12
   51.15
   34.14
   37.07
   15.66
   25.89
   41.91
   33.89
   32.61
   36.29
   41.18
   44.80
   47.86
   27.13
   45.21
   27.37
   34.63
   27.31
   35.82
   35.76
   33.60
   36.39
   23.01
   34.92
   25.81
   29.77
   46.91
   31.41
   37.78
   24.49
   18.91
   34.18
   40.29
   16.15
   33.63
   38.25
   33.22
   30.95
   34.43
   29.42
   32.50
   21.30
   37.83
   29.91
   35.84
   32.52
   31.29
   50.22
   39.39
   29.74
   46.81
   30.67
   37.76
   41.29
   30.32
   25.21
   36.69
   29.61
   38.35
   46.63
   32.48
   23.74
   18.92
   36.14
   27.20
   42.38
   48.64
   41.79
   18.88
   24.68
   34.04
   17.67
   39.89
   11.60
   23.46
   42.13
   50.30
   44.20
   35.39
   36.79
   36.86
   27.46
   36.07
   40.01
   34.78
   27.18
   47.34
   35.85
   41.23
   28.90
   29.21
   40.57
   22.51
   36.00
   41.81
   18.46
   38.96
   41.01
   41.74
   36.69
   35.66
   42.12
   20.60
   35.44
   50.34
   40.10
   35.97
   30.47
   37.14
   26.46
   30.09
   29.76
   35.47
   40.89
   31.32
   42.48
   37.50
   42.36
   32.12
   40.81
   46.89
   38.28
   49.20
   35.09
   40.91
   30.80
   47.33
   40.96
   34.21
   39.81
   36.96
   34.06
   31.22
   29.45
   45.71
   37.95
   41.10
   39.54
   22.96
   30.84
   39.93
   18.92
   20.29
   45.29
   45.43
   43.28
   43.84
   29.15
   21.02
   33.57
   31.71
   23.76
   31.10
   15.45
   26.98
   34.33
   21.75
   30.29
   35.73
   43.33
   15.67
   31.40
   33.28
   27.60
   39.92
   34.03
   40.68
   47.15
   36.42
   25.95
   21.74
   31.90
   39.95
   49.10
   23.52
   38.61
   40.18
   26.68
   22.89
   38.86
   33.78
   39.12
   25.49
   39.95
   14.63
   44.81
   28.53
   38.55
   35.85
   26.89
   45.32
   47.67
   31.39
   33.23
   43.14
   33.72
   16.82
   40.06
   40.96
   18.65
   39.37
   41.07
   22.89
   44.33
   17.84
   28.13
   41.00
   44.66
   31.83
   29.46
   45.96
   34.06
   27.07
   33.01
   27.54
   24.81
   22.79
   40.28
   28.68
   36.95
   38.94
   30.16
   19.56
   24.16
   37.28
   35.29
   35.18
   27.85
   39.05
   36.74
   54.63
   41.48
   32.71
   46.03
   37.21
   22.53
   29.34
   26.56
   36.24
   39.36
   36.46
   42.52
   39.18
   48.11
   33.53
   36.28
   24.97
   34.96
   36.69
   42.23
   37.17
   34.76
   29.57
   33.93
   34.57
   35.69
   14.10
   31.27
   31.41
   33.32
   37.08
   25.68
   40.23
   38.96
   41.20
   32.97
   44.75
   46.59
   43.11
   37.63
   30.79
   36.45
   29.42
   55.39
   45.83
   14.97
   25.78
   35.81
   30.71
   36.84
   37.94
   37.80
   31.89
   31.65
   34.76
   48.00
   50.38
   24.36
   22.32
   34.88
   43.32
   28.60
   37.35
   37.02
   32.46
   26.70
   45.35
   34.68
   46.37
   29.91
   18.72
   31.42
   39.61
   33.90
   32.08
   41.23
   30.48
   34.61
   27.57
   25.50
   46.37
   27.16
   45.60
   49.92
   33.72
   46.55
   34.85
   40.68
   38.43
   38.48
   54.49
   51.19
   38.23
   38.29
   45.13
   31.14
   34.84
   25.34
   52.43
   29.23
   22.03
   45.47
   39.32
   36.87
   26.71
   17.96
   34.96
   45.95
   34.39
   48.17
   33.32
   43.89
   26.07
   42.79
   48.64
   40.53
   37.02
   32.83
   13.41
   42.14
   10.81
   34.23
   18.15
   38.78
   33.88
   32.20
   42.98
   21.27
   38.89
   36.46
   38.71
   21.66
   24.88
   31.14
   41.53
   32.12
   34.65
   33.77
   35.05
   28.64
   37.19
   29.19
   29.12
   17.98
   36.12
   40.30
   32.74
   39.09
   49.45
   42.57
   24.39
   38.04
   22.46
   39.68
   30.45
   39.55
   23.25
   43.60
   17.62
   33.02
   34.74
   17.52
   40.83
   41.64
   37.66
   21.22
   25.16
   37.74
   24.12
   30.64
   44.05
   29.48
   41.33
   41.45
   28.85
   44.37
   27.39
   43.39
   33.04
   39.22
   46.67
   34.05
   51.26
   30.73
   40.17
   25.07
   45.91
   30.48
   13.59
   33.41
   47.79
   30.54
   29.38
   36.47
   46.80
   19.13
   32.26
   40.70
   28.30
   29.43
   47.56
   36.02
   30.84
   34.02
   21.26
   24.30
   39.02
   21.44
   40.98
   37.97
   34.29
   38.93
   32.77
   36.09
   36.85
   24.75
   49.55
   38.39
   46.62
   42.18
   28.06
   30.09
   30.79
   38.40
   35.66
   32.67
   27.17
   38.23
   40.23
   38.02
   17.25
   30.31
   28.33
   36.42
   33.04
   28.92
   42.62
   26.53
   34.24
   45.19
   45.33
   21.76
   23.18
   40.58
   37.87
   45.18
   36.40
   31.72
   30.70
   35.72
   38.32
   15.44
   36.55
   43.12
   30.18
   32.29
   27.62
   34.89
   26.08
   51.85
   29.48
   36.26
   31.46
   43.45
   40.11
   37.18
   28.34
   26.32
   45.79
   48.89
   28.21
   32.88
   37.31
   31.67
   25.82
   40.56
   33.33
   43.09
   43.37
   35.35
   24.77
   32.71
   21.51
   22.29
   42.45
   44.60
   22.79
   52.80
   36.49
   27.68
   31.54
   37.33
   41.04
   24.88
   23.29
   43.16
   40.35
   27.31
   48.75
   32.93
   45.04
   29.79
   50.80
   33.10
   36.57
   36.55
   36.78
   38.29
   44.40
   38.33
   29.26
   42.74
   38.56
   41.69
   36.29
   43.53
   42.63
   39.23
   38.49
   49.00
   46.82
   15.09
   41.28
   19.57
   31.14
   39.10
   37.07
   40.12
   39.86
   33.32
   39.76
   32.43
   14.25
   44.35
   39.22
   29.33
   44.50
   29.46
   35.46
   35.92
   32.23
   26.10
   34.02
   45.52
   42.86
   36.52
   39.80
   33.95
   33.61
   22.12
   41.13
   37.73
   28.35
   15.18
   55.79
   20.65
   34.35
   32.60
   40.41
   41.47
   31.35
   29.19
   16.27
   21.90
   38.51
   45.47
   36.11
   36.56
   22.72
   31.69
   35.74
   36.56
   31.56
   25.54
   40.69
   25.59
   42.83
   40.43
   40.29
   41.95
   41.12
   34.89
   33.88
   15.28
   22.41
   38.30
   39.48
   31.82
   27.51
   37.32
   30.78
   31.53
   14.08
   22.49
   33.48
   40.11
   32.50
   29.32
   35.07
   26.17
   24.05
   34.42
   35.73
   51.90
   36.54
   39.98
   36.61
   34.32
   41.09
   32.15
   33.47
   28.44
   30.29
   41.69
   23.93
   35.91
   42.02
   23.83
   41.53
   42.87
   21.68
   41.78
   34.00
   37.19
   35.52
   31.59
   21.96
   36.02
   36.81
   31.32
   32.88
   33.30
   40.35
   32.07
   40.44
   36.09
   18.73
   37.96
   41.99
   39.14
   36.57
   33.46
   43.63
   37.47
   39.93
   31.24
   51.83
   33.07
   29.88
   30.81
   16.56
   37.99
   43.13
   32.95
   42.27
   34.51
   45.39
   37.66
   37.42
   32.69
   27.42
   44.68
   19.78
   46.81
   29.65
   40.49
   50.86
   26.05
   37.02
   30.05
   46.40
   17.32
   40.27
   24.78
   49.21
   48.62
   30.44
   15.86
   34.84
   37.87
   36.73
   36.56
   40.41
   43.24
   46.53
   37.20
   34.58
   40.27
   42.63
   40.76
   34.49
   34.92
   39.24
   28.52
   45.73
   33.55
   43.48
   36.98
   29.96
   45.43
   38.40
   46.11
   25.44
   30.10
   40.41
   43.65
   40.81
   34.40
   45.35
   28.21
   42.79
   32.85
   33.23
   36.68
   34.64
   41.48
   28.36
   31.25
   39.24
   37.32
   23.09
   45.52
   39.93
   44.33
   45.74
   47.55
   52.92
   37.36
   31.44
   40.61
   19.42
   37.33
   50.64
   39.45
   36.17
   34.51
   23.12
   40.84
   46.61
   33.36
   39.37
   31.85
   37.81
   33.74
   42.03
   47.61
   35.43
   16.66
   26.53
   44.31
   33.76
   34.22
   20.31
   45.68
   45.78
   36.18
   36.35
   31.13
   30.44
   45.44
   30.44
   36.24
   42.04
   33.94
   41.52
   23.90
   29.21
   16.70
   20.86
   34.95
   33.95
   39.12
   40.16
   31.98
   39.22
   30.86
   30.18
   24.93
   41.59
   44.32
   27.45
   26.49
   14.40
   39.50
   53.81
   28.47
   43.07
   24.58
   47.45
   26.55
   45.36
   40.16
   39.56
   12.85
   33.13
   25.05
   26.91
   31.23
   29.55
   31.50
   14.24
   21.63
   29.62
   45.47
   37.84
   36.00
   22.99
   46.33
   36.98
   23.28
   31.00
   36.81
   22.65
   40.60
   33.78
   22.82
   42.13
   41.31
   24.15
   23.79
   36.43
   39.86
   38.58
   20.19
   36.64
   17.94
   35.57
   39.30
   40.28
   29.70
   42.11
   42.42
   29.90
   43.20
   45.68
   35.27
   33.61
   39.42
   14.16
   28.58
   42.02
   50.00
   42.42
   25.49
   35.45
   31.90
   21.13
   34.19
   25.87
   31.95
   40.88
   37.80
   24.25
   40.20
   39.87
   24.05
   33.25
   40.70
   32.59
   52.37
   50.88
   48.46
   42.95
   19.69
   38.67
   44.95
   42.41
   30.74
   38.45
   46.93
   20.34
   21.65
   33.24
   50.04
   32.21
   30.83
   40.04
   34.85
   37.08
   48.65
   34.21
   23.84
   30.53
   38.08
   38.68
   31.12
   24.14
   39.00
   41.54
   24.78
   37.18
   22.78
   40.05
   34.50
   35.48
   39.75
   30.76
   30.25
   31.76
   42.59
   49.22
   43.64
   34.69
   53.98
   38.64
   32.94
   34.51
   51.32
   33.76
   31.39
   33.83
   43.80
   50.14
   39.44
   28.28
   30.11
   35.49
   39.89
   18.16
   39.27
   32.90
   35.49
   24.49
   28.17
   39.06
   31.98
   25.05
   43.61
   36.77
   39.40
   30.80
   40.77
   29.00
   31.27
   38.79
   33.83
   48.28
   34.64
   37.42
   22.39
   33.78
   36.48
   43.98
   29.91
   23.60
   41.22
   24.74
   34.74
   35.30
   38.21
   41.83
   26.87
   35.02
   38.12
   45.38
   19.08
   33.70
   35.37
   36.58
   34.03
   20.27
   34.61
   38.68
   42.50
   15.78
   37.77
   32.77
   40.41
   32.35
   40.22
   38.85
   34.99
   35.10
   18.98
   37.31
   46.76
   26.66
   34.20
   30.15
   33.28
   36.00
   40.22
   33.08
   41.45
   39.08
   34.68
   46.58
   43.86
   40.76
   18.21
   33.91
   42.80
   29.87
   28.86
   43.94
   37.03
   34.90
   40.16
   30.32
   22.03
   38.23
   37.73
   35.37
   21.31
   28.09
   23.73
   21.61
   32.70
   37.54
   34.77
   41.39
   38.63
   27.50
   37.04
   29.94
   40.33
   28.74
   36.97
   42.48
   42.29
   36.47
   37.38
   27.19
   43.55
   36.22
   38.69
   18.68
   36.59
   37.36
   30.66
   35.82
   46.67
   33.78
   44.53
   33.79
   35.34
   23.11
   42.51
   32.61
   30.94
   28.82
   36.41
   34.40
   37.85
   29.56
   28.39
   42.76
   25.70
   24.11
   26.24
   38.11
   36.53
   17.92
   37.72
   51.75
   37.27
   44.67
   43.19
   17.65
   25.59
   39.17
   25.81
   39.86
   39.82
   33.89
   37.20
   44.60
   30.12
   41.79
   29.84
   47.49
   36.05
   42.06
   20.12
   41.11
   49.30
   27.97
   36.82
   30.69
   33.93
   33.18
   43.08
   55.13
   51.38
   34.23
   32.14
   38.63
   30.73
   39.04
   49.90
   14.50
   29.15
   42.00
   40.70
   42.77
   22.93
   34.32
   19.34
   25.80
   44.80
   20.03
   42.02
   37.68
   32.46
   43.01
   44.00
   36.73
   47.16
   40.67
   35.06
   42.28
   41.44
   27.52
   16.19
   37.86
   41.27
   33.34
   41.44
   38.74
   31.83
   35.76
   46.50
   41.50
   53.96
   45.39
   41.95
   33.26
   33.57
   38.85
   22.33
   40.84
   42.10
   37.50
   40.60
   29.29
   44.41
   37.95
   31.14
   42.34
   34.11
   35.92
   43.74
   31.99
   38.42
   32.35
   38.92
   41.82
   21.37
   39.51
   36.32
   33.06
   34.66
   31.62
   34.24
   42.65
   25.44
   32.26
   41.04
   45.96
   40.70
   15.48
   38.81
   16.91
   41.91
   36.92
   40.38
   20.96
   27.40
   30.48
   51.39
   27.59
   46.90
   44.32
   21.54
   47.01
   34.62
   43.42
   41.63
   39.44
   35.94
   27.94
   36.95
   38.82
   29.87
   30.94
   42.81
   24.91
   32.66
   24.91
   21.44
   29.34
   33.67
   22.19
   17.52
   40.87
   33.05
   13.85
   18.52
   39.89
   42.29
   19.43
   16.50
   43.37
   35.35
   36.75
   42.36
   42.73
   32.49
   36.25
   34.77
   36.71
   40.13
   36.52
   40.95
   24.48
   37.40
   41.14
   31.93
   44.01
   30.97
   39.68
   30.58
   38.50
   18.30
   25.80
   33.44
   36.10
   37.08
   43.43
   36.45
   36.34
   27.41
   30.20
   31.63
   29.88
   32.64
   14.56
   41.59
   31.46
   45.93
   29.38
   30.75
   22.89
   38.07
   50.45
   37.71
   42.77
   40.59
   36.43
   27.31
   30.91
   21.31
   26.58
   43.77
   42.46
   38.46
   41.38
   50.58
   36.80
   45.65
   25.61
   44.55
   36.48
   39.15
   41.71
   32.15
   29.63
   38.61
   40.96
   46.38
   32.66
   35.55
   37.29
   37.97
   40.49
   17.35
   27.94
   35.42
   34.02
   41.03
   40.12
   46.25
   30.79
   46.52
   43.26
   45.51
   42.01
   41.36
   20.72
   43.45
   24.47
   38.34
   34.68
   40.07
   45.58
   41.31
   28.71
   22.79
   43.31
   34.39
   34.69
   39.71
   30.78
   30.81
   27.96
   35.30
   35.91
   34.48
   24.32
   38.89
   22.40
   43.65
   47.01
   44.53
   38.64
   31.41
   39.40
   43.29
   35.34
   44.20
   34.05
   25.85
   36.66
   22.77
   34.93
   45.13
   51.68
   53.24
   40.24
   31.15
   29.60
   41.24
   33.14
   42.83
   31.24
   35.99
   36.75
   22.85
   37.90
   39.40
   41.41
   39.19
   31.66
   32.95
   34.47
   22.58
   36.12
   35.42
   42.83
   39.58
   50.67
   30.21
   26.18
   40.82
   30.26
   24.51
   36.80
   37.08
   40.95
   39.35
   34.68
   46.42
   40.23
   32.46
   22.83
   53.53
   32.57
   17.17
   43.17
   40.31
   30.90
   27.96
   28.80
   28.81
   30.84
   36.62
   38.80
   41.58
   25.48
   34.54
   21.09
   36.30
   48.49
   35.44
   41.01
   38.86
   38.00
   26.98
   18.66
   40.33
   43.67
   29.82
   31.15
   33.72
   39.28
   26.63
   31.10
   14.08
   48.92
   38.29
   40.91
   37.99
   34.68
   23.01
   34.53
   42.99
   33.51
   46.21
   26.20
   40.18
   41.92
   38.30
   46.45
   27.36
   48.56
   43.84
   38.81
   29.31
   34.75
   32.47
   14.38
   37.81
   30.97
   27.79
   48.33
   22.17
   44.80
   32.05
   36.98
   44.91
   48.38
   37.47
   43.15
   13.09
   26.43
   38.84
   29.23
   35.27
   26.84
   37.16
   44.62
   19.22
   29.94
   41.10
   29.11
   34.76
   42.16
   26.02
   26.53
   20.40
   19.56
   39.37
   37.07
   27.08
   41.17
   28.26
   31.71
   42.86
   23.95
   45.90
   39.46
   22.74
   25.42
   37.87
   36.00
   34.48
   32.90
   34.56
   28.77
   34.25
   34.01
   35.91
   14.12
   28.17
   39.81
   31.54
   34.56
   44.45
   39.38
   43.64
   31.89
   20.22
   43.19
   50.45
   30.31
   24.62
   40.74
   42.73
   30.66
   38.44
   41.67
   33.31
   35.10
   31.96
   31.56
   45.77
   43.97
   32.95
   16.19
   30.93
   40.40
   41.00
   30.41
   35.28
   39.03
   50.82
   25.64
   36.37
   47.17
   15.87
   38.60
   42.34
   22.35
   44.85
   33.02
   27.17
   30.36
   42.22
   21.95
   47.84
   32.08
   19.05
   41.48
   38.57
   43.62
   27.64
   39.33
   27.85
   39.89
   31.06
   33.89
   50.14
   49.84
   29.18
   39.51
   29.27
   20.52
   41.32
   49.46
   32.01
   35.16
   32.84
   52.55
   34.71
   32.71
   17.70
   41.95
   46.78
   32.05
   41.39
   37.13
   43.91
   33.17
   39.99
   45.74
   34.98
   21.16
   29.79
   39.94
   33.78
   40.22
   47.71
   31.01
   36.77
   32.11
   39.85
   31.01
   19.48
   31.00
   18.56
   16.99
   20.69
   22.05
   47.11
   18.79
   12.85
   33.11
   44.96
   43.41
   21.20
   33.49
   38.47
   35.87
   32.24
   32.10
   30.16
   28.85
   39.74
   32.61
   28.09
   18.58
   54.50
   48.10
   49.41
   46.31
   47.61
   43.38
   31.25
   25.54
   27.18
   40.30
   23.50
   13.61
   17.43
   43.92
   33.82
   51.05
   41.41
   42.13
   43.62
   37.07
   12.79
   35.75
   25.88
   42.02
   40.99
   23.09
   35.98
   35.50
   32.87
   39.25
   26.16
   30.93
   17.39
   34.99
   32.41
   29.79
   40.17
   36.56
   36.03
   45.96
   16.93
   30.92
   35.95
   39.55
   43.26
   35.54
   19.09
   32.18
   27.44
   34.54
   27.96
   28.74
   41.04
   43.55
   41.00
   36.48
   24.43
   41.79
   34.55
   43.50
   49.11
   32.64
   41.98
   24.90
   39.29
   43.94
   35.97
   42.70
   37.60
   32.65
   39.95
   31.93
   21.87
   31.79
   38.24
   43.66
   32.54
   36.98
   35.42
   47.14
   35.66
   41.28
   20.83
   42.23
   22.14
   43.03
   25.45
   42.71
   37.65
   32.44
   27.43
   43.99
   28.62
   30.83
   35.15
   47.61
   44.03
   44.07
   26.53
   26.14
   28.63
   30.78
   43.76
   36.04
   52.92
   19.67
   40.13
   47.97
   34.46
   33.73
   35.66
   29.62
   36.13
   37.01
   31.55
   50.09
   26.57
   44.50
   46.29
   47.88
   32.44
   34.42
   35.35
   41.74
   26.25
   35.64
   32.51
   47.73
   16.60
   26.54
   39.89
   50.10
   45.98
   36.57
   35.59
   47.33
   34.19
   42.73
   38.95
   32.19
   32.48
   29.95
   23.94
   54.35
   49.71
   26.81
   48.03
   30.01
   31.11
   23.07
   28.59
   40.62
   44.43
   39.16
   48.45
   46.26
   41.17
   39.38
   45.65
   29.07
   49.89
   45.27
   32.77
   47.37
   35.30
   41.71
   43.47
   35.27
   30.61
   44.54
   37.23
   44.83
   50.50
   15.92
   42.23
   45.09
   23.78
   35.82
    9.06
   23.35
   36.33
   30.50
   37.59
   27.64
   16.93
   50.44
   34.04
   49.48
   32.32
   42.97
   40.46
   33.14
   37.19
   36.70
   37.33
   24.60
   29.69
   32.31
   38.94
   42.55
   45.45
   37.78
   46.26
   31.08
   48.49
   29.81
   36.78
   34.81
   38.80
   30.15
   28.76
   32.37
   49.53
   33.11
   44.73
   18.17
   19.02
   23.25
   38.36
   45.47
   35.87
   38.43
   24.86
   44.38
   48.95
   37.06
   35.57
   36.68
   29.91
   33.28
   41.12
   17.78
   28.72
   40.15
   22.47
   31.13
   39.14
   21.16
   32.58
   35.75
   36.47
   31.44
   38.75
   38.11
   34.50
   52.08
   43.72
   29.20
   44.30
   25.09
   34.80
   39.21
   18.82
   32.63
   35.18
   42.38
   46.34
   42.55
   10.37
   37.89
   35.39
   27.65
   36.51
   21.56
   28.57
   41.96
   38.50
   15.68
   51.73
   33.06
   26.32
   42.38
   31.18
   37.10
   32.69
   39.64
   36.45
   37.40
   40.11
   18.10
   49.57
   36.23
   44.97
   47.03
   36.08
   13.07
   28.92
   36.36
   26.21
   28.38
   22.93
   38.80
   33.82
   38.06
   40.69
   45.11
   25.56
   42.29
   53.91
   41.99
   24.04
   32.89
   27.18
   21.06
   33.60
   39.54
   20.59
   38.79
   32.16
   38.13
   38.11
   37.84
   31.25
   30.41
   26.94
   38.46
   30.74
   49.28
   39.73
   58.99
   41.77
   23.69
   45.37
   48.45
   58.21
   22.86
   41.34
   43.22
   29.23
   27.70
   50.51
   25.41
   36.11
   14.28
   28.14
   38.03
   33.70
   48.26
   38.38
   51.96
   46.73
   38.35
   42.97
   18.33
   40.42
   44.86
   30.25
   19.86
   39.30
   37.39
   50.28
   43.93
   35.21
   39.35
   15.55
   25.14
   43.67
   27.25
   47.89
   42.70
   29.18
   35.96
   50.66
   31.15
   38.97
   33.74
   49.25
   29.59
   31.65
   24.98
   58.57
   37.96
   35.71
   38.57
   32.12
   30.67
   45.81
   21.45
   34.32
   34.64
   36.36
   58.32
   43.95
   35.46
   45.40
   47.17
   35.45
   31.53
   46.56
   26.15
   36.81
   39.83
   29.29
   36.04
   14.47
   31.45
   30.09
   24.31
   36.88
   43.40
   32.54
   18.45
   18.42
   28.95
   26.91
   40.47
   23.87
   37.34
   20.64
   27.32
   34.95
   33.95
   38.54
   34.37
   33.04
   35.47
   38.33
   37.18
   36.38
   29.99
   12.95
   34.90
   35.64
   26.94
   41.97
   36.19
   26.79
   39.53
   40.55
   41.87
   47.42
   26.57
   29.15
   33.37
   34.30
   17.65
   35.97
   37.11
   46.92
   52.98
   17.88
   34.64
   46.40
   31.68
   47.81
   42.94
   23.66
   27.53
   32.74
   40.53
   14.87
   36.77
   50.09
   34.27
   37.19
   14.93
   33.95
   45.99
   43.49
   39.30
   30.82
   35.89
   41.06
   47.19
   24.70
   43.08
   17.29
   33.05
   46.47
   31.54
   34.47
   47.70
   32.78
   33.28
   33.75
   33.98
   40.81
   53.72
   33.75
   38.66
   18.50
   28.42
   27.62
   29.17
   39.81
   33.23
   41.07
   38.17
   40.27
   31.48
   39.44
   42.85
   30.81
   49.57
   20.04
   18.95
   18.60
   54.28
   44.89
   44.33
   26.48
   31.69
   39.06
   45.59
   18.04
   45.02
   52.07
   33.94
   39.25
   12.16
   35.00
   32.92
   29.72
   38.56
   35.15
   30.92
   35.02
   29.52
   40.25
   39.45
   43.47
   34.32
   34.56
   41.24
   45.19
   30.45
   47.34
   27.22
   37.67
   36.14
   25.16
   35.04
   33.89
   50.54
   14.80
   31.97
   46.97
   41.48
   22.38
   38.49
   38.59
   34.06
   37.79
   37.58
   32.35
   47.12
   41.74
   44.61
   29.67
   35.25
   36.63
   41.05
   46.28
   46.40
   17.93
   28.75
   31.86
   20.28
   36.85
   37.81
   38.53
   50.72
   13.52
   39.55
   47.15
   28.81
   45.82
   27.32
   40.54
   36.23
   30.84
   33.81
   26.65
   31.51
   37.71
   41.23
   37.79
   30.44
   43.50
   33.93
   46.99
   51.61
   42.75
   32.43
   36.33
   28.70
   20.38
   38.91
   30.67
   45.49
   37.27
   47.41
   38.66
   41.13
   27.83
   32.10
   46.84
   36.35
   30.03
   44.01
   38.01
   26.01
   25.17
   29.94
   37.21
   25.32
   26.40
   41.38
   39.33
   42.52
   27.02
   43.80
   36.12
   43.89
   12.92
   35.17
   29.59
   49.31
   34.45
   45.47
   25.05
   36.87
   31.22
   26.70
   45.77
   45.84
   36.04
   38.88
   37.27
   14.74
   38.94
   31.57
   45.25
   18.18
   29.63
   40.06
   17.12
   32.11
   33.49
   34.99
   31.76
   31.26
   48.31
   36.64
   31.41
   23.18
   37.15
   35.29
   31.50
   14.12
   45.31
   48.28
   19.66
   22.68
   31.62
   51.57
   33.42
   27.39
   40.00
   23.34
   35.46
   39.05
   20.26
   46.51
   26.20
   16.25
   41.65
   17.70
   39.51
   48.33
   35.56
   26.94
   43.27
   28.07
   39.99
   27.91
   26.24
   39.45
   33.50
   35.69
   38.07
   19.18
   28.41
   21.12
   38.16
   25.60
   49.29
   24.92
   35.91
   38.38
   26.65
   22.69
   51.88
   36.18
   34.27
   26.40
   41.97
   25.88
   38.78
   32.16
   36.61
   14.99
   31.26
   43.41
   36.16
   36.03
   37.12
   19.55
   37.78
   34.80
   41.27
   41.62
   46.36
   44.20
   33.04
   33.69
   30.52
   51.64
   30.41
   34.91
   25.22
   49.61
   41.93
   39.14
   43.17
   19.94
   40.22
   42.53
   39.60
   33.87
   21.83
   26.99
   34.64
   37.50
   35.95
   44.89
   32.63
   56.41
   34.20
   35.11
   30.44
   45.95
   45.04
   37.83
   37.00
   37.82
   41.37
   30.58
   38.31
   12.11
   12.98
   41.84
   21.65
   39.47
   39.96
   30.68
   43.56
   30.19
   35.62
   40.36
   40.30
   33.45
   29.84
   52.19
   39.83
   24.67
   38.79
   32.32
   38.15
   45.10
   41.36
   37.61
   37.53
   31.82
   44.55
   40.64
   26.90
   42.18
   21.32
   35.53
   30.91
   39.95
   35.42
   41.21
   25.27
   49.28
   30.91
   48.16
   29.24
   45.38
   23.08
   35.91
   39.80
   35.51
   40.30
   48.14
   47.54
   61.85
   33.04
   45.65
   26.75
   33.04
   38.19
   18.90
   28.30
   44.56
   40.41
   35.19
   30.64
   40.13
   38.03
   41.97
   42.52
   40.08
   35.38
   28.71
   27.31
   23.62
   30.81
   34.18
   17.65
   35.93
   34.82
   46.34
   36.90
   15.69
   36.02
   44.77
   48.57
   42.45
   25.80
   19.02
   40.37
   24.28
   23.40
   37.80
   15.45
   44.58
   37.85
   46.65
   47.87
   10.81
   39.87
   16.73
   46.39
   49.27
   25.57
   34.83
   30.53
   39.30
   21.79
   32.69
   32.22
   34.28
   34.31
   37.14
   44.78
   37.25
   42.74
   42.44
   22.21
    9.83
   34.78
   37.05
   31.84
   36.17
   31.82
   26.28
   31.80
   38.90
   16.05
   15.52
   19.13
   11.38
   28.64
   33.25
   37.28
   31.25
   32.41
   44.23
   38.36
   42.98
   39.38
   32.95
   44.00
   23.20
   36.39
   43.55
   54.13
   24.65
   35.72
   34.69
   23.42
   13.71
   26.03
   46.33
   45.39
   19.86
   40.44
   42.91
   30.20
   31.84
   34.05
   35.94
   40.14
   26.11
   33.58
   22.40
   46.17
   36.17
   33.89
   31.37
   34.24
   23.69
   44.79
   34.33
   20.67
   37.16
   35.66
   35.37
   36.84
   43.07
   43.47
   27.02
   41.26
   41.81
   31.19
   43.40
   52.76
   31.04
   46.56
   26.52
   48.15
   32.93
   30.57
   30.26
   25.89
   43.72
   16.97
   29.67
   28.17
   49.04
   24.93
   38.57
   32.95
   37.72
   27.81
   35.72
   27.15
   38.40
   36.64
   28.11
   47.69
   45.78
   35.36
   34.81
   15.25
   40.75
   23.68
   39.07
   38.65
   41.07
   34.57
   39.18
   41.85
   25.27
   42.92
   42.32
   30.01
   31.17
   26.66
   44.94
   32.83
   35.51
   42.58
   35.08
   19.55
   40.29
   47.89
   41.88
   36.95
   31.03
   22.30
   31.78
   43.70
   41.38
   20.19
   44.10
   40.26
   38.11
   39.52
   27.05
   38.18
   38.34
   39.01
   42.67
   26.09
   45.08
   34.28
   49.86
   35.79
   34.06
   38.72
   14.46
   37.32
   47.59
   37.43
   21.42
   41.22
   38.64
   47.98
   38.64
   28.50
   32.63
   16.38
   37.92
   42.84
   35.19
   19.04
   35.12
   62.20
   36.64
   28.18
   39.57
   42.20
   33.14
   28.38
   29.00
   41.26
   28.96
   30.34
   38.37
   45.99
   12.83
   30.38
   44.07
   36.09
   31.78
   41.63
   21.14
   37.93
   18.08
   34.63
   27.66
   43.12
   29.44
   39.63
   21.34
   27.79
   31.77
   27.58
   36.92
   30.58
   37.47
   44.62
   13.51
   19.89
   33.08
   29.57
   17.24
   36.06
   37.74
   26.02
   33.71
   42.29
   34.60
   42.01
   46.40
   34.88
   32.02
   40.11
   23.76
   38.50
   37.32
   26.80
   33.19
   34.66
   38.74
   41.74
   24.66
   24.09
   21.12
   44.40
   42.65
   37.26
   33.18
   38.14
   39.75
   25.31
   26.46
   33.16
   37.38
   36.88
   45.96
   38.07
   34.38
   36.15
   38.93
   38.58
   48.24
   38.54
   33.08
   38.51
   26.18
   44.70
   39.82
   10.32
   38.29
   33.80
   29.97
   37.42
   33.62
   30.01
   25.42
   25.83
   41.67
   38.19
   21.78
   27.09
   39.33
   38.47
   29.76
   38.77
   44.05
   27.30
   26.29
   44.04
   35.83
   30.96
   34.96
   24.20
   33.38
   41.25
   44.89
   27.46
   31.00
   41.98
   36.74
   33.31
   54.17
   37.07
   32.72
   32.10
   40.02
   32.06
   44.38
   34.14
   22.39
   38.63
   42.20
   33.97
   41.40
   44.88
   43.57
   29.79
   41.98
   42.32
   30.07
   34.71
   40.40
   33.13
   34.51
   50.35
   38.88
   40.38
   15.29
   39.26
   33.22
   13.66
   35.27
   31.93
   42.12
   31.46
   26.47
   36.82
   48.44
   43.25
   17.74
   40.24
   32.58
   42.60
   20.66
   41.11
   33.80
   24.47
   38.66
   35.00
   25.86
   38.49
   44.68
   25.74
   26.91
   55.78
   34.61
   43.59
   42.90
   44.76
   30.06
   19.54
   30.41
   46.88
   43.28
   34.16
   39.16
   44.51
   44.27
   29.00
   45.13
   37.17
   43.94
   31.94
   40.06
   34.48
   42.98
   41.67
   42.74
   40.23
   46.08
   31.92
   32.81
   34.57
   42.36
   33.79
   43.74
   38.88
   37.25
   44.05
   37.32
   32.87
   29.10
   35.67
   41.64
   61.82
   43.50
   35.63
   36.78
   46.05
   41.68
   41.76
   37.88
   37.27
   34.24
   17.37
   56.24
   20.75
   36.82
   40.83
   34.16
   38.75
   30.78
   43.74
   36.21
   30.81
   20.84
   38.28
   27.53
   36.17
   37.09
   46.06
   38.61
   32.27
   23.99
   21.58
   30.68
   26.31
   30.57
   32.11
   45.89
   26.94
   35.31
   43.21
   25.41
   18.14
   31.58
   37.59
   37.55
   42.35
   33.12
   31.21
   25.38
   31.69
   33.27
   51.24
   31.46
   18.30
   34.24
   21.14
   39.97
   33.73
   33.78
   35.29
   30.14
   33.66
   27.56
   33.93
   32.01
   18.04
   35.97
   26.06
   47.39
   31.58
   37.90
   33.32
   47.02
   46.07
   29.97
   40.57
   36.01
   28.58
   27.47
   39.63
   40.48
   19.10
   43.70
   45.18
   31.82
   48.85
   43.15
   28.86
   36.09
   44.62
   42.10
   29.56
   40.27
   44.83
   26.55
   34.51
   42.46
   38.29
   43.32
   31.94
   28.73
   33.30
   34.35
   29.18
   36.42
   29.80
   39.05
   30.02
   31.34
   36.99
   37.12
   42.95
   37.10
   36.80
   46.50
   31.18
   45.42
   33.32
   32.25
   36.72
   42.83
   19.62
   34.10
   31.78
   28.23
   22.04
   36.19
   36.48
   24.38
   41.62
   36.57
   37.72
   32.96
   49.15
   29.50
   44.06
   38.96
   45.74
   38.16
   41.47
   27.29
   41.64
   25.91
   29.51
   20.24
   45.12
   43.60
   53.31
   38.43
   23.21
   44.78
   26.64
   25.29
   33.78
   32.54
   31.05
   37.86
   20.48
   23.23
   26.84
   40.07
   40.47
   44.42
   45.14
   21.33
   28.32
   56.41
   37.11
   38.96
   24.60
   33.56
   22.11
   50.50
   39.63
   46.72
   27.46
   37.45
   48.86
   42.33
   45.99
   29.52
   31.76
   16.69
   41.27
   32.92
   44.77
   37.12
   31.18
   33.72
   36.22
   28.47
   61.30
   43.41
   46.22
   39.61
   32.95
   33.36
   40.36
   46.41
   19.27
   45.48
   49.17
   47.50
   40.08
   31.16
   33.28
   38.70
   37.62
   36.04
   39.79
   36.56
   29.36
   43.50
   25.91
   26.21
   11.29
   25.71
   26.77
   39.67
   25.66
   38.04
   43.51
   38.31
   36.43
   20.52
   36.22
   33.12
   38.82
   47.95
   30.51
   35.36
   45.06
   25.76
   29.01
   39.30
   50.78
   47.16
   39.97
   35.37
   32.54
   43.58
   44.46
   35.42
   40.64
   37.03
   51.19
   39.11
   48.03
   32.19
   35.45
   40.03
   43.45
   11.88
   30.81
   20.88
   16.53
   48.20
   47.04
   17.29
   41.24
   39.96
   43.73
   36.26
   48.24
   36.55
   42.76
   29.35
   42.54
   29.54
   53.04
   39.45
   18.31
   30.77
   33.76
   40.70
   27.11
   49.02
   36.81
   26.19
   34.69
   30.96
   41.73
   52.09
   39.41
   40.03
   34.15
   35.35
   38.25
   36.67
   42.23
   43.38
   36.81
   40.86
   37.26
   31.73
   33.95
   20.89
   36.00
   38.63
   37.53
   49.05
   34.99
   24.07
   33.11
   38.54
   39.04
   40.13
   49.95
   30.70
   42.42
   45.91
   26.83
   35.35
   46.94
   41.82
   31.29
   31.06
   29.41
   20.49
   36.74
   40.92
   40.34
   23.16
   34.88
   20.76
   48.57
   38.69
   29.43
   36.56
   22.32
   48.48
   42.80
   26.06
   32.80
   30.10
   38.85
   25.17
   31.31
   45.46
   23.33
   44.22
   51.37
   45.69
   29.64
   31.75
   36.42
   36.02
   41.92
   40.62
   22.00
   38.61
   32.14
   44.63
   25.81
   38.86
   17.71
   37.73
   36.25
   50.86
   34.23
   40.19
   50.35
   31.57
   42.32
   36.28
   37.15
   39.46
   29.46
   38.98
   39.84
   40.13
   31.11
   39.72
   38.59
   24.36
   40.91
   45.76
   45.54
   42.48
   34.36
   34.42
   30.88
   40.38
   39.73
   38.86
   37.00
   42.36
   42.70
   35.73
   38.30
   40.27
   35.79
   21.84
   36.93
   20.37
   31.91
   33.17
   34.25
   45.64
   46.60
   43.43
   37.61
   35.46
   54.06
   40.33
   41.45
   40.08
   30.53
   35.18
   42.50
   39.34
   36.53
   27.97
   33.62
   41.51
   35.67
   52.06
   29.53
   27.63
   20.95
   18.50
   35.08
   38.57
   43.21
   53.51
   36.41
   37.07
   27.72
   26.13
   27.42
   40.02
   46.60
   23.40
   15.01
   44.54
   41.22
   36.64
   31.06
   28.20
   40.65
   26.90
   44.19
   23.86
   29.27
   48.10
   30.88
   24.99
   34.23
   30.05
   28.50
   33.50
   48.27
   45.13
   23.93
   27.29
   37.80
   50.05
   45.22
   45.25
   20.80
   49.27
   21.98
   43.16
   15.30
   35.71
   26.50
   35.33
   15.86
   51.41
   34.09
   25.21
   35.47
   31.56
   30.80
   41.99
   32.75
   41.78
   24.40
   28.07
   37.09
   36.55
   30.79
   36.94
   23.34
   36.67
   44.78
   46.74
   48.17
   34.66
   33.33
   35.45
   31.13
   30.46
   37.95
   42.24
   34.75
   38.44
   20.87
   24.13
   51.91
   21.41
   27.81
   43.64
   49.71
   12.69
   17.18
   42.12
   44.13
   35.80
   21.44
   27.63
   18.84
   31.80
   10.91
   36.13
   45.00
   39.90
   15.45
   35.38
   28.95
   23.65
   43.21
   27.07
   35.85
   37.31
   47.09
   32.00
   41.13
   41.92
   38.26
   40.53
   33.17
   36.74
   38.12
   26.42
   46.94
   38.08
   43.94
   40.77
   17.47
   40.74
   33.07
   32.42
   36.99
   14.21
   47.90
   34.99
   46.19
   27.99
   45.44
   44.47
   26.09
   34.29
   21.29
   48.18
   38.70
   48.72
   42.20
   41.76
   35.35
   42.08
   25.22
   32.54
   38.13
   18.30
   35.72
   35.95
   35.01
   28.85
   43.91
   40.29
   51.79
   35.40
   46.15
   45.84
   23.51
   33.88
   42.99
   38.20
   22.60
   40.77
   41.87
   37.55
   28.81
   41.84
   27.01
   32.09
   45.27
   18.57
   47.27
   41.88
   34.34
   41.20
   37.55
   27.51
   27.92
   38.99
   28.29
   32.46
   36.26
   43.90
   33.74
   38.45
   39.20
   25.99
   18.42
   20.27
   34.74
   33.91
   36.92
   41.05
   31.65
   27.69
   36.61
   40.30
   46.86
   36.99
   37.69
   39.02
   26.26
   29.04
   23.39
   17.41
   36.63
   20.72
   41.00
   11.14
   50.87
   36.56
   33.12
   31.47
   55.26
   33.02
   49.48
   38.41
   37.69
   30.16
   23.04
   30.26
   38.74
   40.09
   23.39
   47.89
   26.61
   19.67
   49.63
   24.79
   21.57
   18.28
   41.15
   43.56
   44.42
   15.73
   26.52
   25.88
   17.86
   33.00
   11.68
   29.20
   39.40
   46.48
   38.91
   29.32
   35.16
   42.00
   35.40
   31.94
   34.67
   40.27
   48.32
   40.78
   21.88
   24.90
   42.22
   39.83
   35.04
   30.24
   34.02
   39.06
   41.50
   34.32
   37.65
   43.92
   45.58
   39.84
   41.18
   40.62
   34.76
   22.78
   49.98
   31.95
   28.84
   24.76
   46.25
   34.58
   23.40
   46.21
   22.60
   42.40
   37.02
   32.04
   41.38
   28.27
   19.52
   31.71
   29.33
   47.38
   37.33
   21.11
   41.58
   33.55
   43.03
   42.90
   43.89
   15.92
   31.55
   41.92
   27.66
   14.33
   37.91
   44.43
   50.44
   39.89
   44.37
   27.45
   39.05
   42.63
   39.61
   41.03
   22.72
   34.61
   43.14
   40.32
   39.98
   45.12
   55.69
   33.38
   31.28
   46.11
   39.46
   26.90
   42.52
   32.26
   46.68
   33.56
   16.08
   32.34
   33.18
   33.03
   28.34
   19.70
   32.48
   33.46
   31.36
   23.06
   29.84
   23.30
   24.16
   31.10
   27.38
   18.28
   32.40
   38.09
   41.00
   50.39
   41.26
   42.81
   43.17
   36.57
   24.82
   39.90
   45.88
   38.39
   42.56
   31.14
   34.59
   27.85
   21.94
   39.10
   33.11
   43.25
   58.56
   40.00
   34.97
   34.64
   32.06
   31.62
   50.16
   29.59
   40.65
   36.49
   40.64
   30.70
   24.16
   31.52
   12.59
   31.05
   41.62
   45.03
   44.88
   34.70
   50.06
   35.39
   46.20
   43.49
   37.45
   47.02
   35.37
   36.20
   41.39
   21.48
   49.43
   34.11
   37.97
   36.83
   36.01
   29.90
   46.58
   43.99
   36.04
   21.55
   25.02
   42.52
   44.27
   29.26
   45.78
   43.58
   33.56
   17.58
   43.43
   39.72
   15.25
   29.73
   35.88
   31.59
   41.12
   36.83
   28.42
   36.93
   36.00
   45.40
   35.96
   35.29
   46.93
   25.98
   20.42
   39.10
   28.96
   29.32
   41.05
   24.51
   30.01
   21.32
   25.04
   42.54
   32.52
   14.58
   49.81
   41.86
   17.18
   17.49
   30.84
   15.05
   44.98
   40.01
   39.33
   40.52
   23.51
   32.03
   36.31
   38.44
   21.99
   21.11
   38.36
   31.06
   51.84
   23.06
   51.98
   42.22
   31.56
   37.81
   47.63
   32.01
   50.94
   17.01
   37.75
   47.89
   34.91
   42.06
   36.78
   16.84
   43.34
   30.27
   45.37
   38.24
   44.05
   43.24
   31.88
   25.89
   39.65
   44.62
   18.08
   32.57
   46.32
   37.32
   19.62
   29.66
   23.79
   29.08
   29.14
   46.21
   28.63
   36.18
   40.47
   38.20
   34.62
   41.94
   49.14
   39.78
   43.11
   31.11
   38.99
   34.53
   46.36
   47.34
   41.67
   45.09
   49.00
   46.97
   43.76
   43.71
   35.20
   14.39
   34.51
   45.98
   34.58
   35.51
   31.21
   22.38
   39.68
   38.04
   55.48
   42.30
   44.60
   28.35
   38.90
   35.42
   41.46
   39.96
   29.62
   25.13
   36.69
   23.86
   35.29
   17.33
   28.86
   31.20
   33.52
   38.04
   50.46
   46.74
   31.86
   50.12
   43.33
   29.77
   38.86
   13.44
   31.86
   51.91
   31.94
   44.58
   32.30
   27.34
   29.58
   34.83
   33.57
   48.80
   42.11
   39.28
   35.60
   35.25
   28.95
   38.23
   27.72
   37.09
   31.60
   30.75
   38.96
   23.25
   38.88
   44.79
   49.53
   21.87
   47.19
   16.77
   28.82
   33.73
   39.92
   38.60
   35.77
   44.09
   37.06
   33.69
   34.20
   21.30
   32.15
   32.74
   42.89
   44.34
   34.85
   38.91
   36.82
   29.72
   34.79
   37.83
   16.05
   40.83
   27.86
   34.34
   15.77
   31.75
   33.43
   41.07
   32.24
   36.45
   32.43
   44.27
   37.69
   17.50
   36.85
   47.17
   43.04
   40.77
   30.44
   25.85
   25.43
   38.45
   22.10
   38.96
   45.01
   15.41
   49.17
   22.34
   20.35
   38.93
   16.97
   23.26
   37.63
   43.33
   40.67
   36.91
   30.38
   36.40
   42.11
   42.03
   36.92
   21.28
   33.61
   24.17
   44.76
   45.26
   40.65
   44.26
   38.79
   33.06
   44.29
   35.02
   40.03
   35.87
   37.41
   40.96
   34.37
   28.21
   36.82
   36.15
   39.11
   42.62
   31.66
   45.79
   13.89
   40.16
   33.10
   22.70
   31.91
   16.52
   33.20
   40.97
   44.00
   44.65
   41.31
   14.99
   41.13
   42.98
   31.09
   30.90
   49.11
   16.18
   39.09
   36.55
   43.38
   45.43
   27.98
   28.90
   38.30
   41.56
   36.08
   37.12
   43.89
   38.44
   38.05
   43.11
   44.12
   43.02
   36.77
   40.50
   19.77
   37.47
   40.40
   35.10
   12.30
   19.91
   40.76
   34.16
   38.62
   20.08
   27.29
   39.27
   22.66
   42.28
   28.54
   49.59
   49.84
   52.09
   35.64
   36.19
   47.66
   40.74
   54.41
   34.65
   44.16
   20.02
   37.90
   41.71
   39.04
   28.36
   31.35
   32.86
   24.68
   27.42
   32.31
   25.84
   34.55
   42.79
   35.97
   32.48
   42.13
   41.67
   14.17
   41.02
   44.05
   36.77
   38.86
   41.60
   43.38
   35.51
   27.90
   34.07
   39.20
   31.83
   41.38
   28.53
   28.49
   34.31
   23.24
   38.43
   32.48
   35.81
   43.77
   47.39
   21.31
   39.51
   33.31
   48.51
   39.01
   28.32
   37.67
   51.89
   42.12
   18.09
   40.84
   20.13
   40.51
   36.92
   44.57
   38.46
   35.99
   43.90
   56.24
   35.77
   14.07
   37.28
   33.36
   24.66
   43.75
   31.82
   21.95
   33.34
   45.37
   33.56
   32.32
   39.78
   34.94
   41.28
   42.76
   51.43
   30.99
   36.01
   37.17
   20.15
   44.46
   21.52
   35.83
   43.78
   47.73
   31.39
   38.50
   33.00
   36.07
   45.02
   30.14
   29.21
   29.10
   15.56
   32.72
   46.52
   42.71
   33.27
   35.14
   33.06
   41.13
   38.07
   49.73
   47.72
   27.41
   38.49
   22.75
   30.06
   46.43
   32.02
   30.88
   33.35
   23.63
   42.76
   25.93
   22.01
   47.52
   33.19
   44.09
   47.09
   39.31
   49.01
   24.67
   38.66
   44.10
   45.55
   43.08
   24.80
   38.64
   38.94
   39.32
   47.62
   37.08
   35.63
   37.03
   39.74
   15.62
   39.04
   34.28
   20.93
   16.76
   33.90
   46.56
   33.76
   39.18
   43.87
   38.51
   37.40
   50.80
   31.23
   42.25
   34.60
   38.93
   37.28
   46.40
   38.52
   34.63
   39.23
   34.55
   34.23
   44.45
   33.32
   39.20
   48.43
   14.63
   40.18
   32.69
   36.56
   41.29
   52.53
   44.14
   40.32
   18.87
   32.58
   32.04
   37.89
   47.87
   29.16
   42.34
   42.02
   43.92
   41.09
   28.79
   36.37
   30.54
   42.12
   44.45
   41.79
   40.53
   42.37
   41.27
   33.90
   38.30
   28.86
   31.55
   37.78
   13.32
   47.45
   22.07
   36.16
   32.92
   40.18
   44.46
   25.49
   40.64
   19.03
   47.32
   21.37
   39.67
   40.77
   28.64
   39.34
   32.38
   25.95
   40.38
   39.89
   40.68
   37.48
   35.66
   37.70
   31.34
   45.23
   37.67
   51.84
   42.28
   46.53
   21.11
   40.66
   23.90
   32.49
   46.47
   30.85
   30.24
   47.96
   36.40
   40.19
   28.51
   36.28
   46.21
   34.39
   29.57
   33.72
   50.82
   17.19
   13.81
   44.07
   41.14
   47.08
   44.37
   39.34
   25.54
   48.03
   44.40
   34.93
   49.64
   31.19
   48.23
   46.79
   44.84
   43.56
   40.03
   31.35
   33.93
   32.72
   33.23
   35.72
   38.32
   18.46
   27.85
   36.00
   30.46
   42.00
   21.92
   47.04
   38.29
   35.46
   41.21
   29.70
   16.10
   25.13
   27.77
   23.70
   31.46
   22.44
   41.24
   35.00
   15.78
   36.28
   41.40
   34.26
   20.84
   46.28
   46.67
   29.30
   42.12
   36.53
   25.41
   19.48
   33.84
   42.09
   38.55
   18.42
   38.66
   30.69
   32.04
   28.72
   32.78
   46.55
   35.02
   46.26
   24.47
   46.35
   41.09
   31.38
   14.45
   35.38
   40.79
   44.89
   29.03
   27.51
   34.00
   45.29
   38.35
   33.05
   33.42
   48.25
   39.15
   47.39
   48.37
   21.25
   17.53
   24.29
   39.50
   26.97
   34.16
   41.64
   33.59
   33.28
   40.10
   31.44
   37.09
   33.82
   37.67
   21.98
   41.40
   13.84
   34.80
   29.57
   28.45
   39.23
   32.58
   40.05
   35.90
   40.20
   35.54
   44.94
   33.14
   49.63
   40.62
   36.35
   38.42
   45.99
   43.88
   38.40
   30.10
   42.67
   38.24
   29.10
   47.19
   47.25
   41.67
   28.74
   40.63
   12.57
   11.50
   27.20
   34.30
   44.63
   35.66
   45.63
   14.16
   33.57
   47.50
   41.35
   49.12
   41.78
   23.11
   23.18
   37.74
   15.80
   36.96
   33.11
   36.18
   43.89
   39.78
   39.02
   41.45
   44.99
   28.52
   42.28
   44.57
   33.47
   35.68
   39.98
   41.71
   21.95
   36.43
   52.04
   47.41
   11.56
   32.38
   44.89
   23.14
   44.09
   34.77
   39.61
   43.64
   35.51
   27.74
   36.95
   33.56
   38.87
   38.92
   40.96
   37.87
   31.89
   42.39
   34.92
   29.42
   31.60
   37.49
   27.54
   19.07
   40.80
   38.18
   35.24
   21.41
   46.68
   37.99
   21.50
   35.47
   30.07
   45.80
   42.63
   24.96
   36.58
   43.08
   25.05
   48.21
   35.41
   27.90
   48.28
   29.04
   33.80
   20.00
   40.75
   36.15
   35.29
   41.98
   37.37
   32.20
   43.77
   40.48
   36.62
   13.37
   35.86
   35.44
   44.96
   43.30
   42.07
   40.83
   45.38
   34.99
   23.69
   36.65
   29.42
   18.04
   29.62
   41.94
   24.42
   38.89
   34.52
   43.75
   30.19
   47.42
   49.04
   41.55
   39.00
   29.09
   37.37
   30.03
   29.33
   19.93
   43.98
   45.02
   39.47
   42.52
   41.68
   31.29
   48.68
   41.28
   27.08
   48.69
   43.47
   43.86
   23.56
   28.31
   16.19
   28.89
   32.03
   36.20
   50.70
   23.42
   36.31
   40.89
   52.85
   31.91
   51.07
   32.69
   28.01
   35.46
   26.67
   17.03
   44.25
   17.91
   31.63
   19.64
   40.36
   23.35
   17.43
   32.57
   47.31
   18.55
   37.70
   31.80
   33.37
   25.98
   41.12
   40.03
   43.85
   39.88
   38.45
   36.86
   44.10
   37.34
   11.17
   26.97
   17.50
   21.18
   30.33
   36.29
   55.64
   36.05
   34.65
   51.19
   21.89
   36.46
   37.35
   47.70
   42.80
   34.57
   44.18
   37.99
   27.93
   27.99
   34.98
   49.03
   39.35
   35.83
   39.06
   33.68
   41.27
   39.98
   21.36
   27.07
   19.09
   27.11
   37.23
   44.61
   28.75
   42.74
   36.03
   40.31
   14.15
   29.44
   28.08
   34.00
   35.19
   39.87
   30.86
   22.41
   25.22
   38.47
   50.07
   34.21
   32.96
   35.11
   39.90
   36.34
   46.76
   39.30
   37.12
   30.55
   32.13
   32.73
   33.77
   38.73
   22.18
   44.00
   41.70
   28.22
   44.93
   40.94
   40.04
   41.46
   22.63
   40.72
   38.96
   37.40
   25.47
   26.34
   21.40
   35.00
   26.92
   52.14
   39.99
   29.38
   26.05
   31.35
   32.38
   32.95
   38.05
   37.98
   23.80
   31.78
   24.53
   39.74
   37.56
   30.37
   35.86
   32.56
   35.96
   39.14
   35.55
   29.35
   26.75
   22.14
   34.66
   49.31
   43.25
   46.21
   42.23
   35.32
   21.89
   40.67
   30.46
   32.91
   28.22
   31.60
   29.56
   49.43
   13.51
   29.38
   39.20
   48.27
   38.76
   32.35
   35.27
   53.18
   35.50
   37.15
   17.29
   28.27
   46.72
   40.99
   33.92
   47.72
   43.72
   36.88
   27.02
   33.70
   39.36
   40.81
   26.95
   26.25
   35.79
   39.89
   42.16
   53.67
   34.27
   39.83
   30.00
   30.11
   39.35
   44.22
   43.47
   41.87
   26.59
   31.81
   14.05
   36.94
   23.82
   36.75
   35.87
   44.10
   41.47
   34.63
   35.50
   39.31
   31.03
   40.01
   55.11
   47.33
   37.53
   27.60
   32.34
   25.18
   30.86
   32.50
   39.95
   46.46
   38.33
   42.63
   45.07
   34.59
   27.11
   35.32
   33.02
   38.70
   38.27
   45.61
   32.25
   30.11
   36.61
   41.66
   21.63
   49.19
   17.06
   31.16
   30.47
   16.61
   40.69
   36.40
   36.89
   13.83
   38.11
   38.90
   45.38
   34.78
   39.43
   46.20
   54.15
   42.86
   30.65
   19.04
   23.50
   39.86
   38.63
   40.27
   20.64
   28.52
   29.03
   12.92
   39.07
   20.14
   35.55
   39.07
   44.42
   34.68
   32.15
   39.58
   26.83
   39.25
   23.11
   30.48
   36.50
   26.16
   36.06
   21.56
   38.04
   25.36
   41.47
   43.42
   43.71
   42.76
   27.30
   40.27
   29.15
   39.68
   41.15
   35.78
   27.81
   19.19
   33.66
   35.71
   37.61
   17.10
   32.01
   40.36
   39.87
   36.44
   39.64
   30.94
   49.27
   33.29
   38.00
   35.77
   46.30
   44.09
   25.63
   34.62
   41.76
   36.42
   48.50
   43.26
   43.78
   27.78
   36.53
   14.32
   27.60
   44.13
   20.56
   42.16
   27.60
   30.38
   32.35
   39.92
   33.39
   31.42
   33.49
   30.52
   32.81
   48.08
   34.60
   28.63
   27.11
   33.50
   41.80
   29.93
   28.64
   40.10
   45.73
   30.14
   52.30
   34.72
   45.47
   41.64
   28.09
   50.56
   35.05
   30.06
   31.55
   36.33
   28.22
   44.44
   27.46
   42.29
   39.33
   27.14
   32.63
   43.35
   49.58
   48.63
   33.72
   42.12
   49.63
   37.16
   35.16
   41.50
   42.34
   37.31
   18.52
   46.53
   45.47
   45.48
   40.10
   41.81
   36.25
   44.95
   29.36
   26.95
   39.14
   22.71
   36.56
   42.07
   46.16
   28.87
   25.13
   43.26
   45.01
   43.73
   46.40
   27.72
   27.47
   44.47
   48.42
   25.43
   46.17
   31.76
   40.87
   41.82
   27.99
   37.15
   49.02
   39.87
   38.63
   20.59
   37.75
   37.76
   45.73
   40.74
   45.75
   31.03
   35.07
   23.49
   43.96
   46.57
   37.72
   30.09
   36.78
   15.30
   37.26
   37.46
   24.79
   37.04
   37.22
   47.28
   53.50
   41.38
   38.28
   32.79
   47.50
   22.26
   30.49
   50.65
   26.03
   37.32
   38.32
   46.28
   21.82
   42.54
   17.50
   31.47
   36.61
   32.02
   35.34
   24.04
   36.38
   41.01
   27.05
   28.61
   49.16
   39.46
   18.45
   43.65
   44.72
   26.09
   42.61
   17.00
   28.51
   47.52
   26.76
   31.78
   23.20
   39.78
   38.97
   19.19
   39.54
   44.65
   44.89
   38.16
   30.04
   38.22
   45.69
   45.69
   38.11
   35.07
   39.12
   34.12
   29.33
   40.23
   23.85
   38.30
   45.76
   26.81
   37.53
   23.44
   35.74
   39.08
   27.68
   23.06
   19.54
   36.04
   20.84
   39.74
   37.99
   47.94
   48.75
   20.60
   38.37
   35.90
   29.47
   19.18
   34.53
   28.18
   26.23
   44.34
   34.70
   31.94
   33.31
   38.30
   41.62
   39.87
   25.95
   36.41
   40.07
   40.28
   44.99
   34.51
   42.65
   40.25
   45.04
   33.34
   27.04
   36.94
   17.25
   46.47
   41.39
   34.29
   15.05
   32.41
   34.11
   44.92
   35.75
   34.19
   43.07
   34.84
   56.19
   35.77
   50.98
   36.78
   41.07
   38.20
   23.33
   39.70
   26.17
   31.03
   28.98
   30.28
   34.93
   41.18
   24.94
   43.04
   39.56
   33.69
   42.91
   28.30
   29.17
   37.31
   38.07
   37.94
   43.11
   29.39
   49.69
   38.59
   47.93
   41.20
   25.23
   20.71
   27.87
   34.86
   42.73
   37.66
   47.01
   21.36
   36.31
   32.24
   38.63
   37.10
   47.71
   28.95
   33.14
   37.97
   14.17
   19.86
   36.54
   30.97
   47.81
   41.48
   22.49
   40.30
   45.62
   41.54
   48.53
   46.31
   41.65
   40.97
   44.14
   22.50
   35.09
   38.89
   18.76
   33.91
   37.74
   41.68
   28.02
   49.73
   45.76
   33.96
   48.98
   38.77
   41.63
   52.03
   44.42
   27.62
   34.85
   23.35
   27.61
   44.05
   32.49
   28.39
   30.80
   31.60
   39.02
   26.50
   26.53
   30.74
   44.47
   43.44
   30.89
   36.77
   44.72
   35.91
   32.92
   38.76
   36.97
   38.30
   30.79
   38.01
   32.54
   26.21
   21.87
   41.30
   46.11
   39.05
   41.28
   39.35
   21.66
   39.73
   45.52
   27.56
   41.40
   28.23
   23.02
   14.88
   34.00
   35.30
   39.02
   45.34
   18.31
   19.89
   25.11
   45.51
   30.50
   34.85
   17.65
   42.75
   51.14
   34.11
   29.21
   57.33
   45.49
   37.66
   47.71
   16.43
   33.36
   32.40
   37.25
   28.30
   42.72
   42.94
   20.99
   12.06
   30.22
   47.03
   39.78
   25.34
   34.15
   30.52
   21.91
   48.15
   29.75
   35.30
   31.55
   35.20
   22.85
   28.07
   26.98
   39.13
   35.52
   51.78
   26.11
   24.86
   36.35
   35.74
   33.78
   46.16
   47.85
   43.17
   37.93
   39.27
   19.79
   41.77
   18.59
   31.33
   25.91
   22.69
   33.71
   43.66
   39.43
   37.49
   34.10
   46.83
   40.87
   26.10
   19.46
   39.61
   36.00
   20.89
   31.99
   41.27
   37.93
   34.61
   30.12
   50.49
   43.39
   16.98
   23.63
   25.45
   40.26
   45.42
   31.15
   38.85
   40.43
   27.86
   44.05
   32.16
   13.67
   29.32
   44.38
   45.77
   40.23
   44.93
   44.02
   30.38
   40.49
   46.90
   29.35
   35.81
   45.25
   43.94
   37.47
   36.19
   36.85
   19.24
   35.57
   42.72
   34.75
   37.07
   47.52
   44.09
   20.39
   24.75
   40.27
   26.95
   36.09
   27.12
   33.33
   43.77
   32.02
   48.22
   39.43
   36.60
   42.83
   13.87
   43.34
   39.61
   39.84
   51.11
   37.03
   29.62
   35.31
   41.69
   28.26
   21.20
   42.05
   42.81
   33.67
   35.22
   42.27
   32.05
   34.29
   39.58
   42.44
   42.74
   43.97
   36.02
   23.57
   28.43
   47.84
   40.31
   28.72
   32.75
   44.62
   39.42
   46.42
   37.24
   42.15
   23.96
   35.26
   32.54
   47.84
   48.28
   23.60
   41.87
   42.50
   41.59
   14.22
   37.06
   40.78
   31.66
   28.85
   42.25
   35.04
   35.55
   27.59
   37.63
   22.64
   57.26
   26.34
   28.97
   34.22
   35.57
   24.85
   24.93
   34.55
   38.96
   27.00
   41.65
   32.55
   44.21
   34.64
   21.81
   12.84
   30.79
   24.62
   35.42
   50.79
   47.56
   27.01
   47.84
   27.05
   29.69
   40.48
   21.57
   25.21
   34.91
   43.39
   42.33
   28.21
   50.12
   39.16
   32.14
   42.39
   28.28
   31.84
   30.04
   26.88
   28.97
   27.71
   37.49
   13.79
   40.57
   41.07
   24.46
   33.01
   33.38
   27.12
   33.45
   39.01
   34.32
   44.66
   27.49
   44.37
   10.69
   38.14
   39.38
   49.00
   25.50
   43.33
   23.28
   40.82
   40.38
   36.41
   43.65
   45.71
   25.54
   37.09
   38.64
   20.80
   35.07
   45.33
   48.90
   36.74
   32.76
   50.03
   39.64
   23.75
   45.71
   39.95
   39.08
   24.65
   46.99
   29.27
   35.76
   24.12
   40.71
   40.07
   29.90
   18.06
   27.48
   35.49
   40.60
   41.80
   20.67
   40.27
   40.14
   37.00
   45.48
   47.15
   45.41
   37.47
   24.74
   30.16
   39.92
   38.30
   33.40
   37.16
   37.59
   39.28
   41.96
   31.90
   32.84
   22.25
   46.40
   43.96
   46.64
   40.67
   43.25
   41.22
   29.02
   50.50
   37.25
   33.68
   41.42
   38.42
   46.41
   39.58
   25.24
   33.87
   41.80
   37.54
   52.73
   45.65
   35.28
   25.12
   39.81
   39.44
   37.66
   46.62
   33.00
   36.94
   47.25
   28.98
   38.13
   33.49
   43.78
   42.72
   25.26
   31.40
   42.50
   28.52
   33.10
   33.74
   16.59
   35.21
   33.31
   41.05
   32.26
   37.61
   39.62
   40.04
   25.45
   30.26
   39.96
   47.99
   28.00
   28.02
   35.47
   34.13
   45.24
   45.30
   44.35
   34.17
   37.68
   41.10
   33.65
   40.30
   45.27
   35.79
   28.68
   34.38
   51.73
   40.40
   33.91
   21.74
   35.87
   38.00
   38.81
   45.34
   33.65
   32.47
   33.32
   40.40
   27.80
   45.79
   41.59
   45.41
   23.81
   30.18
   42.94
   27.85
   32.55
   31.48
   46.24
   42.94
   40.16
   21.74
   37.38
   39.66
   16.13
   27.99
   44.84
   33.29
   40.17
   36.43
   22.77
   29.67
   24.06
   26.52
   28.08
   28.99
   31.63
   39.92
   34.47
   39.18
   38.59
   32.55
   32.23
   35.02
   37.60
   39.56
   40.06
   30.55
   23.32
   47.61
   18.31
   41.41
   41.19
   31.76
   17.53
   31.15
   31.81
   29.99
   40.38
   46.07
   50.13
   13.80
   58.72
   21.19
   32.78
   23.44
   36.88
   33.28
   37.84
   46.72
   32.44
   45.59
   30.81
   44.98
   21.72
   40.80
   36.76
   36.08
   20.10
   39.98
   18.03
   38.57
   39.90
   21.61
   15.24
   35.34
   22.75
   41.46
   34.13
   43.66
   20.18
   41.76
   36.32
   25.31
   33.75
   42.99
   35.80
   25.73
   35.11
   29.29
   24.92
   37.40
   40.86
   28.21
   40.02
   27.26
   46.39
   33.37
   30.37
   43.29
   37.43
   37.90
   19.67
   43.13
   12.40
   37.28
   35.80
   44.33
   33.75
   38.95
   31.16
   40.16
   25.41
   30.74
   26.37
   38.23
   34.19
   30.66
   37.96
   28.98
   39.19
   39.71
   34.24
   37.77
   36.00
   42.42
   26.86
   37.65
   30.19
   11.21
   40.47
   25.17
   44.80
   35.23
   31.14
   42.32
   33.62
   27.82
   26.65
   34.42
   40.36
   34.54
   32.39
   37.31
   35.26
   36.11
   46.97
   27.18
   42.15
   34.27
   35.66
   52.61
   49.19
   40.87
   51.51
   34.00
   35.49
   13.16
   42.08
   19.50
   45.27
   32.40
   41.36
   30.58
   37.95
   38.57
   38.39
   43.99
   42.35
   26.67
   42.23
   38.75
   45.45
   25.51
   33.13
   36.76
   45.03
   37.57
   29.25
   33.80
   43.50
   29.52
   32.46
   51.88
   28.07
   41.68
   50.20
   41.59
   32.05
   39.06
   34.98
   21.80
   25.41
   32.30
   29.22
   36.58
   34.26
   42.36
   43.68
   34.36
   25.35
   35.60
   45.76
   39.38
   40.07
   35.95
   41.15
   45.21
   41.62
   41.78
   15.43
   29.26
   25.43
   29.53
   32.00
   39.44
   40.74
   33.49
   26.20
   48.93
   43.30
   13.99
   38.24
   47.09
   32.37
   28.60
   24.08
   21.20
   36.35
   18.91
   29.68
   40.78
   33.66
   32.48
   37.76
   48.48
   22.76
   23.82
   21.08
   32.55
   49.09
   42.63
   42.74
   14.77
   20.71
   32.10
   41.94
   34.09
   14.18
   34.38
   20.27
   18.30
   29.05
   27.94
   15.00
   44.98
   24.78
   31.44
   30.95
   45.75
   40.27
   42.00
   32.20
   31.69
   51.41
   39.33
   45.60
   38.12
   36.35
   23.99
   32.77
   36.47
   42.41
   48.07
   46.76
   46.97
   38.19
   30.94
   33.40
   12.55
   47.52
   38.08
   41.41
   35.41
   45.36
   18.57
   24.96
   40.28
   32.94
   36.66
   19.45
   33.95
   44.43
   37.91
   22.63
   35.08
   46.16
   28.52
   32.23
   30.76
   37.53
   26.97
   35.97
   28.42
   42.54
   21.80
   16.35
   30.87
   37.17
   42.29
   40.92
   34.33
   23.49
   26.43
   40.14
   33.79
   44.56
   46.15
   36.91
   34.32
   37.62
   37.72
   52.96
   45.56
   46.16
   29.25
   45.36
   17.38
   37.24
   32.60
   30.36
   23.70
   14.35
   39.02
   48.57
   30.71
   39.46
   30.95
   44.58
   16.08
   34.14
   26.38
   45.08
   25.94
   40.22
   48.12
   26.00
   43.50
   31.53
   37.75
   34.75
   40.52
   49.64
   46.66
   39.03
   21.54
   29.52
   30.55
   43.33
   43.92
   31.93
   51.50
   45.19
   28.32
   34.36
   51.20
   38.35
   40.43
   36.06
   31.56
   37.21
   48.23
   30.08
   33.61
   37.12
   36.55
   38.05
   39.73
   29.72
   36.59
   33.56
   38.91
   34.36
   36.80
   33.70
   34.96
   39.66
   32.70
   35.94
   34.64
   43.91
   39.00
   30.81
   33.47
   43.41
   45.25
   28.98
   41.47
   35.93
   41.63
   62.42
   38.50
   35.42
   48.04
   14.30
   37.31
   45.61
   46.86
   32.89
   22.90
   32.07
   15.53
   33.70
   33.01
   32.56
   47.24
   24.18
   36.59
   29.39
   16.47
   44.28
   23.37
   29.60
   42.77
   35.95
   11.92
   23.26
   41.73
   37.43
   46.25
   18.02
   25.97
   40.38
   22.23
   25.95
   24.81
   35.64
   28.97
   31.33
   41.67
   46.72
   40.64
   30.66
   25.44
   39.29
   35.13
   38.63
   31.61
   33.02
   34.07
   38.60
   28.41
   28.39
   38.09
   30.75
   39.10
   39.61
   32.40
   34.78
   35.06
   13.73
   38.96
   32.16
   40.49
   15.50
   39.06
   15.04
   28.85
   34.48
   30.30
   46.78
   33.33
   47.58
   42.36
   39.55
   51.23
   21.64
   20.47
   43.70
   39.51
   37.09
   16.15
   41.48
   39.80
   37.26
   46.36
   36.45
   42.87
   41.08
   40.35
   42.52
   15.01
   39.20
   22.41
   19.81
   30.68
   31.65
   44.87
   34.54
   32.73
   33.58
   42.29
   26.81
   32.97
   34.65
   46.64
   25.68
   42.36
   26.64
   38.38
   28.06
   54.26
   38.18
   50.07
   34.30
   42.17
   46.64
   41.68
   34.64
   41.97
   38.05
   44.62
   38.02
   34.45
   35.73
   38.21
   34.61
   46.68
   43.48
   40.08
   38.30
   45.09
   39.57
   29.72
   37.47
   46.85
   46.39
   30.04
   33.04
   37.02
   42.49
   38.91
   33.69
   44.81
   32.31
   30.67
   33.64
   43.02
   27.30
   38.92
   46.45
   22.33
   37.52
   47.04
   29.09
   33.88
   35.00
   39.95
   37.62
   17.16
   39.50
   34.75
   47.20
   25.46
   51.00
   32.90
   32.79
   44.26
   34.78
   34.25
   30.08
   32.61
   42.15
   28.00
   31.62
   33.14
   21.78
   32.48
   33.45
   46.46
   20.84
   42.88
   37.95
   38.74
   15.86
   47.86
   57.87
   39.95
   27.64
   25.71
   12.84
   41.94
   25.83
   31.16
   52.25
   33.77
   37.10
   27.22
   41.87
   43.38
   38.08
   38.74
   47.53
   36.19
   45.17
   38.37
   29.62
   41.48
   37.64
   46.26
   42.00
   45.42
   45.55
   28.75
   22.09
   36.33
   42.43
   41.99
   44.59
   40.22
   29.61
   54.60
   34.01
   41.40
   22.23
   37.53
   37.35
   29.41
   35.83
   33.41
   35.44
   44.91
   40.16
   26.01
   40.75
   28.23
   34.84
   39.48
   34.03
   41.73
   31.64
   41.33
   31.38
   37.99
   36.75
   15.19
   44.31
   42.23
   27.83
   20.41
   37.52
   47.85
   34.34
   42.33
   38.71
   15.05
   26.47
   37.37
   30.67
   40.94
   33.31
   28.03
   41.49
   35.95
   36.69
   26.49
   34.55
   29.00
   45.36
   46.81
   42.68
   30.75
   27.12
   29.29
   37.56
   32.34
   31.49
   38.80
   34.31
   25.66
   30.00
   45.52
   18.65
   40.65
   26.58
   53.89
   29.82
   21.72
   39.28
   34.53
   25.75
   36.33
   37.04
   38.73
   36.11
   30.22
   28.20
   22.06
   35.97
   42.95
   22.24
   43.05
   26.32
   41.65
   43.85
   46.99
   30.57
   55.46
   18.70
   34.32
   36.97
   42.19
   28.75
   37.53
   35.94
   40.01
   16.06
   34.05
   18.67
   27.31
   26.95
   14.32
   34.77
   40.74
   39.91
   38.15
   28.20
   52.68
   38.27
   14.19
   42.83
   29.27
   15.89
   40.43
   42.02
   46.43
   27.36
   41.08
   42.50
   36.53
   40.98
   40.22
   38.58
   37.74
   19.11
   26.80
   25.50
   37.64
   12.59
   33.33
   40.72
   37.78
   30.81
   45.46
   32.00
   25.98
   40.80
   49.94
   42.10
   33.24
   33.67
   32.40
   37.95
   38.02
   44.10
   42.05
   38.85
   41.16
   41.67
   10.04
   31.00
   19.45
   45.25
   34.79
   38.32
   28.89
   42.82
   13.05
   35.23
   35.75
   43.98
   30.61
   33.15
   44.28
   15.61
   23.30
   35.37
   28.65
   40.51
   43.17
   47.73
   42.84
   43.08
   39.37
   30.76
   29.30
   41.36
   44.76
   32.27
   38.02
   34.53
   28.56
   24.71
   46.12
   36.66
   37.58
   37.34
   14.63
   21.58
   26.42
   27.67
   31.62
   47.97
   33.87
   38.46
   52.06
   35.56
   45.88
   47.74
   42.89
   17.08
   40.53
   32.59
   52.09
   37.49
   41.96
   31.06
   50.76
   26.43
   30.93
   43.86
   32.55
   55.86
   36.38
   47.13
   35.33
   41.05
   45.28
   43.36
   36.04
   31.23
   56.78
   36.50
   41.08
   39.30
   30.81
   43.14
   30.08
   27.52
   27.50
   14.53
   42.76
   44.23
   47.30
   18.76
   25.62
   37.78
   41.18
   41.01
   20.95
   30.02
   36.76
   33.75
   23.90
   51.38
   50.48
   21.88
   43.80
   40.71
   35.99
   44.43
   39.78
   42.74
   41.22
   41.18
   44.69
   44.63
   43.13
   16.18
   29.52
   38.26
   36.03
   39.07
   13.74
   32.94
   43.72
   42.91
   37.80
   40.37
   43.12
   23.58
   15.98
   33.99
   37.80
   41.83
   43.23
   30.37
   41.70
   33.77
   22.16
   33.70
   43.06
   36.10
   39.42
   44.41
   43.62
   32.71
   41.65
   43.37
   35.31
   17.61
   30.39
   37.06
   18.49
   38.34
   39.11
   45.55
   46.43
   39.72
   38.48
   42.48
   47.50
   27.21
   28.47
   40.21
   35.53
   41.14
   41.13
   38.52
   23.56
   29.79
   43.29
   31.59
   24.48
   42.80
   37.79
   27.80
   33.55
   41.04
   40.28
   32.45
   33.37
   45.85
   24.89
   31.73
   28.16
   46.75
   26.53
   35.06
   35.31
   39.49
   40.43
   17.19
   31.96
   27.01
   39.68
   30.00
   33.41
   39.11
   39.95
   42.79
   33.17
   44.43
   22.64
   46.81
   28.84
   29.90
   40.33
   40.01
   50.01
   43.10
   45.64
   42.88
   36.05
   48.26
   39.66
   11.54
   29.72
   40.77
   42.76
   46.18
   26.33
   31.92
   42.62
   37.47
   39.91
   37.28
   27.86
   31.21
   29.66
   20.86
   37.97
   38.66
   44.71
   35.00
   43.07
   32.86
   41.70
   43.66
   40.14
   28.20
   35.24
   29.22
   40.07
   39.64
   39.11
   42.38
   24.64
   35.17
   43.92
   32.74
   24.74
   31.87
   34.74
   32.32
   28.99
   33.94
   43.30
   30.45
   37.79
   41.09
   30.10
   37.94
   34.09
   37.53
   40.70
   29.49
   36.75
   28.02
   44.58
   37.16
   52.26
   35.64
   26.24
   53.42
   41.15
   42.18
   32.99
   29.24
   27.65
   56.11
   22.61
   39.44
   37.56
   45.00
   35.35
   20.10
   36.43
   21.66
   21.30
   31.72
   29.24
   30.29
   32.91
   26.87
   44.25
   42.55
   38.26
   40.51
   19.91
   35.98
   34.17
   19.14
   21.34
   43.78
   40.66
   40.70
   26.10
   37.71
   31.53
   24.68
   40.87
   18.09
   19.25
   40.02
   39.89
   27.55
   40.21
   22.57
   27.04
   36.76
   19.72
   33.74
   21.50
   46.80
   38.16
   23.62
   55.52
   42.79
   38.31
   34.61
   34.36
   40.94
   30.30
   47.34
   34.90
   38.45
   37.90
   31.56
   40.70
   45.33
   36.16
   35.32
   38.98
   38.53
   27.67
   50.40
   31.15
   23.26
   42.32
   31.25
   29.43
   22.38
   30.27
   38.74
   49.58
   38.96
   30.94
   42.89
   34.89
   42.62
   46.52
   22.74
   41.69
   27.94
   34.57
   37.99
   39.70
   31.97
   10.71
   33.56
   45.15
   41.07
   28.37
   56.63
   44.69
   22.49
   41.30
   28.93
   53.41
   37.45
   18.75
   20.24
   30.12
   38.81
   43.14
   37.31
   44.90
   38.37
   44.36
   33.11
   46.95
   20.32
   22.82
   37.00
   43.27
   36.28
   44.87
   37.29
   47.82
   34.92
   39.30
   51.64
   46.17
   24.73
   44.78
   28.41
   30.64
   50.62
   28.77
   38.51
   42.99
   47.52
   26.50
   38.93
   45.37
   13.96
   20.05
   42.86
   34.61
   44.74
   31.96
   45.46
   36.93
   32.03
   32.22
   39.47
   20.30
   46.58
   23.50
   19.69
   22.79
   33.29
   59.32
   41.22
   33.34
   32.36
   40.70
   39.91
   39.34
   44.01
   24.90
   39.83
   39.46
   14.04
   40.26
   33.22
   36.31
   43.59
   38.30
   41.46
   39.59
   42.51
   46.98
   37.90
   35.20
   33.37
   27.52
   43.12
   37.77
   30.57
   33.10
   55.73
   40.68
   31.63
   29.64
   11.24
   45.91
   33.52
   36.98
   40.02
   47.95
   40.55
   28.58
   43.24
   40.73
   38.26
   30.83
   39.58
   36.11
   32.90
   14.37
   28.79
   43.10
   39.16
   48.97
   47.51
   28.45
   53.48
   37.06
   30.99
   38.98
   24.64
   50.47
   41.43
   35.14
   30.16
   29.01
   42.90
   27.14
   37.82
   47.83
   35.77
   40.07
   44.63
   42.54
   29.27
   24.98
   25.86
   39.37
   35.39
   41.11
   25.24
   36.82
   32.35
   44.41
   39.92
   40.20
   22.98
   44.15
   44.98
   31.07
   39.26
   38.68
   39.52
   17.92
   28.99
   31.32
   42.35
   41.71
   32.75
   31.48
   29.02
   38.42
   16.50
   30.83
   29.51
   34.89
   26.12
   35.46
   26.68
   38.39
   12.88
   43.97
   42.03
   27.16
   30.94
   45.25
   42.56
   29.01
   27.54
   35.39
   23.60
   17.79
   32.29
   46.94
   42.40
   41.61
   26.25
   44.03
   34.17
   33.02
   40.52
   29.46
   45.33
   13.93
   23.26
   45.05
   32.25
   16.68
   27.35
   34.56
   41.15
   33.56
   42.65
   30.51
   29.43
   41.31
   40.03
   38.18
   32.72
   46.91
   36.28
   48.97
   16.68
   37.00
   30.82
   39.81
   35.21
   45.79
   38.27
   34.09
   27.84
   27.21
   42.26
   34.73
   41.48
   37.11
   51.13
   42.86
   14.48
   17.99
   33.87
   35.35
   33.10
   39.68
   37.54
   38.57
   37.95
   45.18
   38.47
   44.87
   39.99
   25.00
   35.06
   43.26
   37.34
   45.81
   43.60
   41.18
   38.75
   22.46
   15.51
   21.93
   32.89
   29.67
   31.02
   16.20
   17.48
   35.39
   45.47
   43.62
   39.28
   39.75
   24.53
   33.87
   42.59
   17.35
   44.95
   17.86
   47.72
   39.15
   35.83
   26.02
   38.09
   38.03
   20.84
   34.03
   37.70
   49.88
   41.25
   24.03
   31.10
   40.67
   40.78
   39.94
   31.02
   47.19
   34.26
   32.15
   43.41
   30.40
   40.84
   48.15
   42.15
   35.36
   26.94
   49.72
   37.85
   37.57
   29.96
   44.62
   46.75
   37.78
   12.74
   18.32
   38.05
   39.58
   30.85
   49.46
   38.95
   32.99
   38.78
   30.25
   31.08
   32.11
   44.69
   28.18
   45.01
   24.01
   41.80
   38.87
   42.09
   24.68
   38.12
   28.89
   38.00
   25.39
   32.75
   48.51
   18.15
   31.27
   31.78
   32.60
   49.21
   50.52
   26.29
   31.92
   41.06
   39.19
   42.93
   31.31
   29.01
   41.96
   25.54
   31.89
   27.73
   39.55
   31.51
   32.14
   45.78
   47.78
   42.40
   38.53
