   45.06
   35.82
   35.18
   35.26
   37.37
   35.00
   46.75
   30.09
   40.61
   45.32
   39.53
   33.89
   41.31
   32.68
   28.02
   39.74
   23.52
   36.71
   27.69
   45.09
   32.63
   33.63
   31.32
   39.11
   46.92
   42.07
   38.76
   46.94
   43.04
   40.40
   27.97
   40.18
   38.45
   38.00
   40.94
   33.42
   31.02
   41.42
   35.89
   44.25
   31.38
   34.21
   41.07
   34.01
   38.64
   33.66
   26.18
   44.46
   27.38
   29.99
   18.47
   33.86
   42.18
   33.24
   22.94
   35.94
   24.17
   36.96
   33.08
   33.37
   15.96
   36.00
   41.21
   49.17
   41.92
   35.81
   36.44
   31.49
   24.62
   33.69
   39.53
   36.60
   41.13
   45.35
   42.05
   28.47
   31.35
   49.71
   40.87
   38.57
   41.90
   41.84
   43.69
   36.14
   21.17
   32.34
   41.08
   22.45
   32.84
   37.50
   32.50
   37.10
   42.61
   51.63
   40.70
   48.61
   34.76
   30.06
   48.64
   46.88
   38.36
   31.24
   20.06
   12.13
   22.86
   37.38
   40.11
   37.76
   30.04
   40.87
   48.59
   41.21
   34.53
   35.69
   39.77
   27.31
   41.59
   39.15
   35.49
   39.52
   30.51
   30.91
   47.89
   41.46
   27.41
   34.02
   46.00
   33.81
   37.82
   34.69
   26.56
   22.88
   35.82
   34.45
   20.80
   23.73
   20.48
   34.68
   24.76
   37.35
   33.30
   34.52
   37.59
   53.34
   28.55
   29.66
   33.37
   46.29
   37.93
   26.98
   35.16
   24.91
   29.90
   27.41
   43.29
   36.04
   37.46
   25.81
   30.29
   40.94
   25.16
   37.83
   31.39
   37.68
   40.13
   14.61
   34.69
   34.49
   30.08
   36.93
   48.86
   32.59
   27.68
   29.65
   46.55
   38.63
   52.17
   31.39
   13.17
   35.96
   25.97
   25.07
   40.45
   29.36
   20.99
   34.00
   46.26
   19.43
   36.83
   34.74
   25.41
   46.31
   31.78
   41.90
   16.02
   28.84
   29.21
   45.88
   28.43
   33.57
   30.90
   29.67
   48.64
   44.67
   35.50
   35.53
   39.22
   40.53
   38.96
   42.92
   36.41
   22.55
   36.36
   24.17
   39.80
   47.42
   26.71
   49.28
   36.43
   32.38
   41.01
   36.73
   37.93
   30.55
   40.51
   30.21
   40.90
   35.45
   30.60
   32.93
   45.25
   20.94
   31.74
   42.31
   40.95
   39.58
   43.87
   44.75
   30.07
   51.75
   35.05
   29.10
   31.97
   40.92
   40.95
   43.95
   48.62
   47.65
   48.71
   30.34
   31.40
   28.37
   26.78
   35.07
   31.76
   28.18
   22.12
   27.13
   46.18
   19.45
   31.88
   33.69
   28.49
   42.81
   35.97
   41.59
   29.82
   28.33
   29.52
   33.74
   26.83
   41.39
   45.52
   33.01
   31.97
   40.05
   40.85
   28.69
   36.96
   24.03
   19.77
   47.17
   35.89
   28.91
   49.50
   20.17
   39.45
   39.87
   38.97
   43.28
   48.83
   34.56
   35.21
   40.58
   36.39
   29.22
   36.66
   31.74
   34.14
   27.17
   26.26
   32.08
   35.57
   43.03
   34.80
   33.43
   36.96
   32.56
   26.03
   30.56
   32.57
   43.05
   35.41
   28.92
   33.62
   25.95
   43.79
   41.87
    8.79
   41.30
   37.08
   34.62
   35.41
   34.15
   28.31
   36.99
   38.24
   37.43
   34.72
   14.43
   20.28
   36.08
   30.40
   33.94
   42.43
   39.56
   21.26
   24.16
   34.13
   36.98
   23.36
   40.74
   26.81
   24.94
   19.63
   31.47
   12.09
   40.59
   27.87
   42.73
   44.25
   27.89
   31.62
   46.85
   23.96
   22.52
   43.65
   30.40
   21.56
   24.35
   39.62
   21.42
   39.25
   41.07
   36.45
   30.44
   24.54
   40.41
   25.97
   39.10
   37.84
   31.82
   36.81
   38.31
   46.77
   24.10
   35.89
   27.69
   32.91
   23.77
   44.38
   15.18
   28.25
   43.13
   41.44
   29.48
   27.00
   30.71
   31.92
   36.09
   39.70
   28.35
   13.68
   27.23
   38.07
   47.23
   28.51
   18.73
   32.34
   41.97
   37.13
   31.95
   31.97
   27.33
   21.45
   39.08
   34.18
   29.25
   32.04
   41.08
   45.72
   38.69
   33.78
   17.85
   30.17
   30.04
   41.72
   37.56
   36.10
   39.26
   46.62
   19.76
   30.17
   24.49
   45.22
   21.01
   37.67
   28.78
   31.67
   46.70
   42.12
   41.41
   54.31
   45.31
   16.62
   31.87
   27.86
   22.01
   40.47
   50.98
   35.07
   26.51
   38.07
   38.39
   22.57
   33.40
   44.16
   34.68
   34.71
   48.04
   45.47
   44.98
   34.74
   38.72
   42.46
   36.83
   33.70
   33.51
   36.13
   40.64
   43.29
   26.41
   28.48
   36.54
   40.10
   23.71
   44.04
   28.72
   31.31
   22.74
   33.87
   37.62
   34.13
   39.09
   38.45
   35.87
   35.74
   37.69
   11.57
   30.65
   35.08
   37.82
   30.10
   35.26
   33.05
   32.41
   30.56
   39.56
   29.69
   51.56
   37.58
   44.51
   44.90
   37.61
   55.75
   38.32
   32.67
   33.74
   36.71
   38.27
   43.47
   25.73
   47.03
   31.84
   31.42
   43.63
   23.80
   36.56
   39.78
   31.95
   18.42
   17.45
   38.01
   26.37
   34.03
   26.29
   67.45
   25.52
   29.81
   38.56
   41.47
   26.26
   44.13
   37.40
   40.30
   46.29
   24.52
   43.83
   22.01
   28.40
   30.69
   36.21
   42.67
   20.87
   39.08
   30.96
   42.65
   28.78
   41.14
   30.40
   47.66
   29.47
   25.47
   38.83
   28.52
   51.08
   23.93
   36.61
   12.30
   42.83
   36.73
   32.69
   37.05
   18.62
   42.13
   35.72
   33.07
   36.14
   30.39
   22.09
   22.08
   29.32
   30.81
   35.73
   28.44
   35.55
   43.46
   17.32
   34.19
   30.39
   32.40
   39.37
   28.79
   37.12
   31.53
   32.06
   27.08
   41.20
   37.44
   17.71
   39.12
   34.48
   58.07
   30.78
   39.99
   40.53
   31.01
   33.03
   30.81
   33.97
   35.15
   22.61
   24.45
   26.65
   38.43
   17.69
   17.65
   35.84
   41.23
   40.91
   39.74
   41.22
   43.72
   43.26
   32.71
   32.12
   43.70
   46.46
   49.45
   42.47
   42.26
   34.84
   40.26
   44.06
   40.24
   36.77
   44.50
   21.69
   34.81
   28.74
   29.30
   34.18
   36.88
   25.50
   45.85
   33.77
   25.33
   36.14
   32.85
   24.14
   23.14
   34.55
   48.18
   30.32
   31.20
   37.48
   15.36
   41.48
   41.10
   32.87
   24.42
   37.44
   48.18
   29.98
   44.51
   19.54
   41.57
   30.40
   35.96
   42.67
   37.13
   25.30
   36.60
   41.41
   17.75
   40.71
   39.09
   33.86
   27.22
   28.13
   40.44
   39.74
   38.10
   22.74
   51.16
   23.26
   30.93
   52.42
   39.91
   17.20
   23.02
   25.89
   38.43
   44.39
   43.40
   39.33
   18.70
   29.94
   44.57
   34.79
   19.32
   38.36
   17.83
   29.93
   42.44
   53.77
   52.38
   38.75
   32.44
   37.62
   41.30
   37.81
   37.17
   41.87
   31.52
   30.76
   50.58
   37.70
   29.72
   37.32
   31.78
   19.02
   32.36
   34.11
   38.49
   29.41
   47.11
   37.39
   47.78
   36.61
   28.72
   37.67
   34.18
   13.56
   31.39
   32.34
   33.98
   38.85
   21.85
   35.64
   35.91
   55.78
   22.00
   26.57
   26.69
   39.29
   24.80
   13.24
   38.15
   34.47
   39.85
   36.20
   33.72
   39.97
   34.67
   32.32
   37.30
   33.33
   35.33
   22.67
   45.59
   37.21
   36.76
   32.44
   43.20
   41.72
   38.28
   30.26
   26.89
   36.60
   35.66
   26.50
   43.77
   42.84
   36.01
   45.51
   34.23
   45.65
   34.14
   34.74
   38.91
   36.72
   31.58
   18.59
   39.51
   39.04
   35.69
   19.08
   32.32
   30.46
   34.44
   30.21
   25.42
   36.10
   27.67
   48.45
   43.87
   38.70
   25.45
   34.85
   16.52
   34.18
   38.95
   24.54
   20.89
   34.36
   18.65
   31.39
   32.48
   34.60
   35.96
   29.51
   35.81
   55.72
   38.17
   44.25
   27.01
   35.44
   33.57
   43.97
   37.66
   30.08
   39.86
   28.89
   41.55
   40.61
   33.40
   23.55
   31.26
   34.03
   38.04
   22.89
   44.95
   27.91
   43.16
   38.85
   34.23
   37.36
   38.31
   32.03
   32.67
   53.62
   30.63
   32.77
   40.34
   40.56
   27.76
   39.71
   46.81
   29.53
   43.29
   35.98
   34.98
   41.41
   34.82
   18.90
   32.41
   17.12
   36.07
   36.27
   23.82
   36.53
   34.08
   34.93
   25.03
   42.11
   35.49
   50.49
   39.50
   49.68
   37.43
   23.64
   29.76
   35.98
   34.26
   35.07
   27.78
   39.74
   39.79
   20.38
   32.80
   47.45
   44.73
   35.29
   23.76
   36.66
   43.72
   25.51
   40.33
   32.09
   28.40
   29.98
   40.66
   45.18
   43.95
   33.34
   37.68
   40.09
   37.49
   35.31
   41.39
   17.84
   36.16
   42.63
   28.87
   19.28
   40.70
   25.54
   29.88
   34.07
   33.71
   26.51
   29.80
   32.98
   44.17
   18.14
   41.94
   32.35
   41.36
   31.66
   52.16
   31.02
   36.51
   28.01
   27.59
   27.27
   46.31
   43.27
   38.36
   12.85
   30.27
   29.44
   45.33
   45.73
   33.40
   21.49
   38.50
   35.11
   42.17
   27.94
   32.45
   28.81
   39.42
   46.14
   31.63
   28.35
   22.79
   35.18
   26.31
   41.94
   21.52
   29.41
   42.97
   31.23
   28.28
   42.02
   42.13
   34.15
   30.94
   34.46
   32.50
   50.72
   30.95
   26.52
   37.76
   32.26
   41.68
   24.83
   34.50
   33.94
   42.93
   34.42
   15.13
   46.31
   28.93
   41.67
   34.30
   35.43
   42.79
   34.34
   19.94
   42.28
   37.42
   41.79
   27.15
   28.41
   32.78
   42.45
   31.81
   32.88
   44.02
   29.80
   28.89
   16.23
   38.51
   30.00
   32.65
   27.22
   33.17
   39.89
   41.44
   42.49
   23.96
   46.07
   42.48
   31.93
   17.08
   31.74
   32.60
   40.72
   38.32
   35.59
   34.46
   40.16
   33.13
   42.86
   37.25
   31.55
   37.17
   28.97
   32.39
   34.34
   40.87
   37.87
   36.18
   40.32
   39.85
   18.28
   16.76
   34.96
   40.18
   51.56
   48.89
   40.97
   22.36
   29.86
   32.76
   42.83
   49.38
   33.14
   21.94
   36.23
   42.48
   41.24
   46.06
   34.79
   45.68
   37.42
   38.17
   39.62
   30.32
   38.23
   20.45
   30.90
   34.07
   47.85
   40.36
   34.11
   27.83
   33.58
   36.93
   41.17
   41.38
   33.97
   30.94
   34.89
   42.44
   28.04
   29.32
   26.06
   13.79
   41.39
   37.46
   33.61
   32.79
   23.99
   28.99
   40.09
   32.40
   38.53
   38.13
   45.04
   41.15
   38.00
   34.73
   19.19
   36.62
   46.01
   43.72
   41.51
   35.81
   31.90
   37.21
   22.62
   34.18
   33.35
   40.73
   32.02
   34.50
   44.57
   31.10
   31.96
   31.11
   16.06
   34.09
   26.14
   24.88
   37.60
   49.32
   34.23
   58.80
   23.52
   31.80
   31.81
   26.71
   40.13
   36.68
   27.87
   45.58
   42.58
   21.57
   34.04
   35.44
   31.87
   44.62
   32.26
   24.44
   32.66
   26.28
   33.29
   38.58
   39.16
   25.35
   31.88
   26.03
   33.68
   38.36
   35.97
   31.94
   35.69
   29.24
   38.79
   14.99
   33.45
   38.56
   26.87
   27.08
   46.09
   30.95
   40.72
   38.45
   27.95
   36.37
   36.38
   33.13
   28.37
   19.45
   26.11
   35.40
   32.64
   35.87
   30.75
   38.45
   44.65
   29.32
   34.14
   29.96
   37.89
   34.35
   35.97
   19.15
   45.69
   38.35
   38.26
   39.66
   38.67
   32.03
   41.86
   33.94
   37.44
   23.86
   45.15
   29.66
   36.42
   39.20
   32.10
   38.06
   11.27
   30.05
   32.82
   22.94
   40.35
   40.27
   43.34
   37.05
   20.56
   36.66
   31.04
   36.06
   21.36
   35.71
   29.01
   34.01
   26.46
   35.94
   30.17
   40.39
   44.18
   16.75
   30.78
   38.37
   24.62
   34.88
   33.98
   52.46
   37.13
   39.54
   36.55
   50.52
   30.35
   26.41
   41.35
   15.90
   40.28
   27.60
   37.45
   35.31
   37.04
   27.86
   32.44
   37.77
   29.02
   32.35
   17.41
   47.69
   37.06
   35.36
   23.01
   34.79
   51.15
   23.56
   28.03
   37.10
   42.68
   22.34
   32.00
   33.65
   37.68
   42.91
   21.24
   39.57
   17.86
   22.48
   44.00
   28.15
   49.55
   39.40
   40.45
   22.72
   39.80
   40.97
   35.99
   40.76
   33.03
   25.02
   46.66
   43.09
   32.68
   24.85
   46.20
   32.03
   29.23
   41.27
   40.81
   37.42
   19.34
   36.52
   40.01
   45.78
   31.55
   37.02
   36.76
   41.46
   21.75
   22.23
   37.09
   27.61
   42.32
   20.61
   45.75
   30.99
   29.88
   24.31
   30.78
   30.70
   43.44
   31.02
   40.72
   35.63
   31.71
   29.01
   34.19
   36.10
   32.67
   44.98
   40.73
   23.33
   37.28
   38.21
   40.38
   40.95
   48.31
   28.88
   32.06
   18.14
   45.31
   36.26
   31.81
   25.19
   27.27
   37.89
   36.65
   36.60
   37.23
   27.63
   28.12
   31.48
   40.16
   39.82
   19.80
   25.50
   53.75
   32.26
   49.09
   34.47
   42.38
   32.56
   37.41
   31.86
   43.82
   38.33
   38.35
   29.40
   47.51
   48.67
   37.59
   12.69
   39.88
   40.15
   31.13
   35.50
   38.95
   27.78
   31.56
   28.46
   37.44
   25.26
   37.30
   26.09
   38.18
   24.35
   36.93
   38.72
   28.75
   42.38
   37.75
   34.11
   33.45
   40.65
   17.65
   21.31
   35.45
   26.97
   37.04
   21.75
   32.47
   40.85
   37.86
   38.80
   37.92
   41.26
   46.09
   17.30
   35.80
   21.07
   36.47
   31.59
   40.36
   43.49
   48.49
   31.69
   42.92
   34.16
   20.24
   36.16
   36.45
   42.79
   44.26
   38.52
   29.25
   34.68
   39.29
   31.24
   21.52
   31.52
   34.45
   38.98
   45.27
   43.22
   31.79
   22.25
   36.42
   27.72
   26.42
   19.01
   34.92
   36.24
   23.57
   42.44
   38.24
   36.49
   30.91
   32.71
   37.98
   18.91
   42.67
   35.27
   41.43
   44.92
   32.26
   32.44
   13.75
   29.42
   34.43
   46.29
   37.20
   27.09
   38.08
   25.33
   37.38
   29.10
   39.92
   31.53
   36.40
   41.97
   39.61
   31.06
   36.30
   45.05
   49.87
   34.27
   36.84
   35.89
   39.55
   49.85
   32.65
   15.63
   39.13
   31.22
   31.05
   53.85
   26.23
   34.10
   37.25
   38.09
   31.82
   34.83
   32.75
   39.76
   39.20
   42.33
   35.29
   40.11
   38.97
   52.61
   40.93
   32.61
   45.84
   45.76
   39.26
   20.54
   55.44
   40.89
   46.44
   21.41
   25.56
   46.14
   32.14
   30.23
   40.39
   37.65
   30.80
   35.73
   37.64
   39.22
   24.01
   30.33
   39.01
   32.71
   44.45
   34.54
   39.19
   42.78
   47.92
   39.51
   21.02
   33.82
   27.19
   41.96
   38.96
   30.21
   32.07
   22.98
   35.41
   41.28
   38.84
   20.22
   18.07
   42.64
   37.93
   32.22
   43.85
   35.64
   26.84
   33.25
   15.39
   41.27
   24.15
   28.51
   31.26
   30.11
   21.47
   43.43
   42.12
   41.46
   22.25
   33.58
   36.42
   41.07
   52.09
   16.49
   27.59
   27.81
   28.53
   19.38
   22.01
   31.67
   42.42
   38.82
   38.86
   42.18
   35.64
   18.91
   23.86
   33.51
   27.39
   31.93
   20.85
   46.21
    9.64
   36.80
   33.14
   34.23
   41.08
   30.90
   42.15
   28.10
   43.48
   41.79
   35.12
   28.50
   23.91
   30.58
   16.49
   39.12
   34.06
   41.09
   34.96
   47.86
   35.55
   29.67
   30.76
   39.20
   19.74
   34.47
   33.55
   23.58
   35.30
   35.03
   33.03
   41.89
   39.22
   28.00
   49.37
   31.71
   41.15
   39.27
   37.23
   29.92
   38.65
   36.77
   40.92
   33.06
   37.74
   32.31
   34.08
   40.89
   24.64
   21.29
   23.81
   19.93
   35.54
   20.55
   23.92
   46.20
   33.71
   39.52
   44.69
   34.68
   34.24
   25.54
   22.68
   36.41
   30.17
   41.84
   41.92
   34.79
   33.36
   35.62
   35.36
   38.09
   28.35
   27.39
   35.90
   20.34
   42.30
   35.41
   30.35
   36.64
   35.77
   29.84
   28.34
   22.13
   39.90
   33.70
   24.67
   36.78
   13.57
   40.67
   21.54
   34.25
   30.69
   31.61
   39.47
   21.53
   23.26
   32.01
   36.60
   33.76
   32.25
   34.93
   12.89
   36.92
   39.58
   51.82
   27.21
   18.90
   47.76
   26.16
   20.79
   31.02
   31.69
   30.92
   33.46
   22.34
   49.00
   45.04
   21.57
   31.45
   41.30
   42.18
   40.62
   29.70
   36.26
   46.64
   35.48
   33.76
   29.65
   42.11
   36.22
   46.11
   28.71
   29.02
   24.25
   44.14
   42.76
   44.94
   40.23
   38.84
   41.13
   27.49
   34.96
   28.08
   29.62
   34.85
   35.53
   38.30
   42.01
   34.50
   33.20
   41.26
   42.29
   32.98
   41.39
   35.23
   37.93
   21.69
   35.89
   20.79
   35.13
   46.10
   46.01
   48.61
   39.15
   28.33
   25.24
   36.02
   29.93
   42.71
   40.36
   21.78
   43.04
   35.46
   41.22
   20.96
   40.81
   27.94
   20.67
   28.42
   43.40
   48.31
   38.86
   27.07
   35.54
   28.23
   48.24
   45.36
   43.52
   50.03
   31.37
   39.21
   33.05
   38.99
   36.32
   48.44
   40.06
   40.46
   39.40
   32.90
   38.51
   30.80
   35.80
   40.33
   31.55
   38.80
   37.79
   50.97
   35.38
   22.14
   35.23
   41.52
   33.05
   36.50
   25.91
   31.84
   34.47
   37.01
   34.51
   24.04
   36.18
   27.38
   34.72
   36.96
   33.00
   39.61
   32.64
   28.30
   22.22
   32.42
   35.46
   42.15
   36.21
   41.38
   38.34
   38.32
   38.83
   34.08
   28.18
   28.40
   28.03
   19.71
   32.25
   15.28
   46.72
   43.25
   14.09
   52.46
   25.48
   36.63
   25.59
   38.36
   31.49
   35.17
   31.47
   21.22
   32.03
   29.69
   51.50
   38.85
   50.10
   38.06
   43.66
   26.48
   24.31
   29.85
   24.75
   31.92
   31.64
   27.48
   25.66
   36.36
   42.06
   35.12
   36.49
   32.00
   20.23
   21.15
   48.50
   36.44
   36.89
   43.24
   35.94
   35.20
   23.76
   45.68
   41.22
   26.32
   30.05
   28.53
   38.22
   32.48
   39.79
   30.30
   33.12
   53.63
   33.83
   43.16
   30.79
   45.70
   44.34
   45.59
   39.85
   34.12
   34.76
   40.36
   43.66
   42.33
   40.75
   30.67
   37.52
   37.12
   15.17
   30.16
   23.62
   28.27
   64.99
   32.25
   41.45
   21.93
   30.73
   38.77
   37.25
   38.97
   48.60
   29.36
   45.43
   48.50
   36.20
   37.49
   38.40
   28.75
   35.66
   42.79
   39.70
   30.93
   43.21
   48.20
   51.40
   34.55
   42.92
   33.52
   37.20
   30.52
   38.09
   37.85
   19.09
   35.51
   42.56
   24.97
   36.72
   37.03
   38.57
   27.18
   33.13
   48.89
   33.55
   18.57
   42.77
   27.52
   32.68
   37.35
   23.88
   25.51
   30.52
   13.30
   32.01
   45.02
   45.83
   19.29
   35.96
   46.99
   44.27
   56.76
   21.94
   27.37
   30.67
   39.03
   22.30
   31.17
   33.47
   40.74
   40.03
   41.68
   42.01
   16.09
   44.10
   41.60
   46.17
   35.35
   44.10
   40.38
   25.59
   26.95
   48.82
   37.19
   39.02
   16.17
   19.72
   46.34
   29.85
   32.77
    9.84
   42.78
   24.40
   38.37
   41.88
   37.78
   40.71
   31.91
   32.14
   38.61
   34.94
   42.51
   39.62
   26.11
   42.98
   21.22
   43.19
   42.31
   28.54
   21.52
   33.13
   41.44
   33.84
   15.42
   36.19
   32.71
   38.90
   42.17
   23.11
   37.50
   25.31
   19.75
   35.48
   36.53
   33.86
   36.95
   32.01
   41.69
   17.60
   36.46
   44.56
   29.55
   38.99
   31.73
   26.77
   36.81
   33.39
   34.17
   33.02
   18.14
   22.87
   33.98
   35.15
   24.31
   48.52
   35.34
   45.31
   33.17
   46.86
   27.70
   29.11
   48.29
   33.89
   33.79
   35.08
   36.21
   32.38
   32.37
   31.91
   36.04
   41.52
   35.79
   28.86
   45.17
   36.38
   25.38
   36.92
   40.15
   25.00
   28.65
   39.55
   20.07
   34.66
   32.92
   33.87
   37.12
   33.75
   38.98
   30.05
   29.70
   14.71
   34.51
   36.58
   32.10
   25.99
   28.71
   33.80
   32.05
   28.61
   34.21
   17.28
   36.56
   25.26
   48.59
   24.61
   36.67
   35.46
   46.05
   52.73
   32.02
   26.89
   30.27
   53.97
   32.29
   35.98
   32.17
   40.84
   31.66
   40.59
   35.54
   24.72
   44.87
   49.96
   37.37
   32.27
   23.98
   39.29
   38.60
   46.86
   38.19
   34.73
   31.97
   44.79
   39.54
   29.58
   21.93
   41.88
   37.60
   40.28
   37.03
   35.48
   37.70
   34.56
   38.35
   40.36
   38.61
   42.26
   23.88
   45.71
   34.93
   28.02
   34.22
   42.55
   37.69
   26.85
   34.11
   40.44
   35.05
   39.16
   37.40
   31.53
   30.37
   35.25
   31.20
   34.20
   40.02
   24.49
   40.08
   37.81
   34.49
   37.04
   36.06
   39.30
   32.56
   29.62
   32.16
   17.63
   39.13
   27.94
   37.07
   28.86
   38.56
   37.15
   33.40
   40.08
   54.03
   27.68
   39.34
   28.30
   33.50
   38.99
   37.61
   33.31
   28.16
   23.05
   39.44
   29.79
   38.84
   40.05
   33.53
   33.98
   47.14
   44.46
   37.76
   24.33
   45.10
   29.62
   47.85
   32.98
   35.42
   44.19
   20.59
   16.21
   34.82
   26.50
   32.89
   32.97
   40.49
   38.37
   32.77
   40.83
   38.40
   30.71
   52.52
   33.95
   29.84
   24.64
   31.66
   40.18
   32.72
   34.61
   36.53
   34.84
   19.23
   18.96
   32.98
   24.34
   37.01
   39.43
   31.07
   42.30
   37.59
   19.46
   23.81
   29.49
   33.32
   32.92
   45.15
   18.56
   34.69
   30.60
   26.04
   44.89
   37.13
   37.84
   32.61
   23.55
   40.99
   34.17
   31.78
   40.39
   20.88
   26.33
   30.34
   32.87
   30.37
   34.98
   27.63
   22.78
   40.80
   30.05
   32.47
   39.45
   18.70
   34.60
   42.96
   17.88
   41.41
   38.45
   35.45
   35.09
   24.96
   21.12
   35.47
   36.22
   38.38
   16.43
   31.96
   37.81
   30.30
   26.29
   32.72
   42.91
   25.44
   32.71
   35.32
   25.59
   15.51
   36.22
   35.94
   38.60
   31.81
   27.31
   24.02
   49.98
   20.66
   39.93
   36.78
   32.96
   38.83
   35.33
   30.73
   40.71
   29.38
   41.72
   37.56
   36.65
   39.40
   37.61
   26.16
   46.40
   46.66
   39.92
   37.54
   28.48
   21.33
   44.01
   37.14
   38.74
   31.53
   41.27
   39.07
   37.08
   26.25
   35.67
   38.73
   46.90
   32.99
   13.87
   28.60
   36.12
   33.29
   37.22
   24.55
   31.98
   30.90
   25.14
   42.31
   42.45
   44.17
   37.81
   30.19
   36.77
   45.48
   35.41
   40.03
   29.59
   41.01
   16.35
   41.64
   47.78
   38.64
   45.49
   45.25
   26.83
   33.50
   36.67
   32.20
   47.95
   45.14
   34.78
   43.60
   38.00
   26.66
   36.12
   40.22
   45.72
   33.55
   37.70
   36.20
   49.88
   42.09
   35.32
   39.89
   37.06
   29.36
   27.62
   54.59
   28.24
   31.95
   35.41
   18.64
   41.80
   33.42
   29.17
   46.86
   38.12
   30.51
   43.69
   44.19
   36.87
   35.06
   30.44
   35.88
   43.96
   57.90
   33.61
   34.80
   31.21
   32.30
   34.64
   27.30
   28.60
   45.06
   43.46
   39.05
   40.53
   36.89
   29.33
   38.49
   43.31
   28.26
   40.02
   37.08
   31.62
   48.15
   38.02
   36.88
   32.44
   27.29
   35.73
   49.24
   25.59
   36.29
   38.70
   29.93
   26.85
   40.71
   39.48
   30.38
   19.69
   46.65
   38.69
   37.81
   39.37
   25.83
   39.44
   26.53
   29.04
   14.63
   32.20
   43.17
   26.43
   31.81
   42.66
   42.24
   29.34
   26.15
   43.96
   41.13
   30.33
    9.71
   22.81
   39.43
   36.30
   16.05
   41.22
   36.36
   30.08
   46.46
   34.81
   35.85
   29.67
   26.36
   28.84
   36.75
   30.68
   26.47
   30.58
   24.13
   28.75
   33.52
   19.26
   38.16
   47.06
   41.45
   28.29
   27.29
   22.09
   20.82
   41.03
   39.21
   26.20
   36.03
   30.44
   19.67
   28.36
   24.15
   43.38
   19.79
   45.60
   41.63
   35.19
   32.88
   43.24
   28.27
   33.83
   38.31
   40.50
   40.69
   28.32
   38.04
   32.13
   13.97
   45.57
   52.94
   36.51
   41.19
   34.49
   43.71
   18.64
   15.26
   33.41
   44.40
   41.34
   47.14
   43.78
   29.97
   37.52
   49.50
   19.72
   29.95
   31.48
   38.79
   38.89
   48.60
   41.67
   34.50
   43.20
   42.27
   24.68
   42.09
   37.69
   41.20
   30.65
   34.96
   37.36
   39.60
   48.38
   41.05
   24.06
   52.00
   21.16
   35.86
   28.09
   31.08
   14.12
   37.23
   33.92
   37.22
   39.70
   30.94
   30.17
   26.82
   28.97
   17.93
   46.90
   32.83
   37.14
   41.69
   37.34
   28.53
   31.27
   29.41
   38.15
   36.05
   43.50
   36.52
   38.10
   41.93
   35.17
   30.21
   20.55
   38.16
   44.50
   25.54
   31.56
   30.96
   29.23
   45.18
   42.69
   42.80
   44.83
   24.74
   34.68
   42.72
   31.69
   39.05
   25.07
   23.07
   38.01
   22.79
   42.03
   38.23
   28.57
   23.64
   42.93
   37.21
   28.55
   42.80
   46.44
   28.10
   35.58
   32.75
   39.30
   29.11
   23.44
   34.21
   29.41
   45.10
   29.80
   37.95
   39.17
   22.26
   41.25
   31.54
   16.47
   30.18
   22.18
   33.97
   37.88
   23.26
   26.80
   31.08
   39.77
   32.39
   37.37
   20.79
   32.74
    9.90
   38.34
   28.39
   28.03
   40.49
   41.85
   36.16
   13.96
   35.58
   32.78
   29.98
   22.47
   24.94
   35.74
   30.00
   32.16
   38.39
   27.46
   41.58
   32.21
   27.17
   32.69
   38.33
   34.74
   36.27
   38.11
   30.61
   40.33
   27.10
   40.72
   31.62
   34.83
   20.39
   23.43
   36.87
   37.99
   33.17
   33.64
   42.47
   34.91
   29.63
   35.76
   28.62
   29.67
   41.83
   32.23
   36.93
   26.13
   51.24
   21.42
   31.01
   24.76
   44.59
   25.82
   26.21
   47.99
   38.98
   19.64
   30.22
   25.00
   36.18
   50.05
   36.66
   43.74
   16.15
   43.93
   25.60
   30.99
   35.49
   30.82
   54.03
   25.47
   52.71
   47.25
   27.78
   30.97
   37.52
   41.11
   26.52
   35.84
   38.93
   34.78
   43.55
   48.02
   38.81
   43.73
   32.64
   29.04
   40.44
   29.21
   40.87
   35.59
   39.03
   55.33
   42.76
   41.71
   29.57
   38.54
   42.02
   35.91
   40.42
   32.85
   38.83
   31.25
   24.48
   37.64
   31.65
   38.78
   28.96
   42.79
   57.74
   37.87
   46.00
   24.88
   31.57
   38.64
   31.18
   22.05
   47.43
   41.88
   41.03
   33.80
   22.76
   34.82
   31.87
   22.05
   34.35
   22.95
   34.60
   34.90
   41.40
   37.90
   37.73
   22.63
   34.03
   37.72
   26.64
   32.28
   27.82
   40.64
   24.95
   32.23
   34.17
   36.93
   41.80
   31.37
   46.83
   34.14
   37.20
   33.67
   37.54
   40.54
   35.01
   21.78
   37.65
   36.12
   34.52
   26.26
   39.20
   33.75
   34.05
   54.33
   30.27
   33.01
   27.92
   32.25
   47.00
   32.87
   31.77
   34.82
   34.35
   28.12
   39.28
   34.26
   40.39
   16.68
   34.73
   34.98
   37.06
   28.23
   39.48
   27.61
   26.86
   38.01
   24.24
   40.10
   41.93
   12.56
   37.52
   29.20
   36.43
   36.84
   24.49
   27.81
   18.92
   21.11
   30.92
   23.02
   27.40
   40.79
   42.68
   40.97
   36.94
   22.15
   45.52
   40.12
   33.94
   35.28
   33.29
   16.32
   45.03
   44.17
   26.70
   32.02
   36.39
   28.33
   28.82
   35.64
   40.17
   22.13
   38.26
   29.08
   44.76
   29.49
   28.63
   30.16
   45.21
   37.08
   44.78
   30.95
   41.77
   27.07
   47.26
   33.86
   33.21
   23.19
   38.41
   25.97
   39.82
   27.14
   30.13
   43.53
   32.78
   39.74
   47.69
   35.84
   36.06
   25.47
   26.52
   31.04
   29.66
   40.45
   39.45
   24.50
   47.16
   48.31
   38.81
   38.21
   33.17
   39.03
   39.13
   41.25
   27.56
   35.59
   31.87
   36.33
   48.08
   38.89
   32.73
   45.34
   26.37
   32.61
   38.82
   17.54
   40.01
   36.83
   43.09
   20.47
   43.07
   48.94
   27.46
   36.38
   14.73
   46.74
   30.36
   31.78
   26.65
   38.11
   26.85
   33.56
   36.64
   12.92
   44.24
   30.78
   33.46
   44.84
   37.45
   40.96
   36.25
   34.53
   50.06
   29.36
   48.07
   39.90
   48.82
   28.01
   35.93
   23.98
   34.56
   38.44
   31.58
   37.82
   29.35
   45.74
   36.10
   33.15
   53.93
   28.23
   43.69
   28.22
   30.31
   37.41
   33.21
   22.07
   31.94
   39.59
   22.92
   30.97
   41.29
   28.35
   34.48
   37.18
   31.15
   37.07
   45.59
   35.72
   34.80
   26.67
   38.93
   27.91
   36.22
   29.98
   18.98
   24.79
   43.53
   44.36
   44.50
   34.43
   41.18
   43.67
   44.54
   31.54
   34.18
   33.15
   41.59
   37.95
   20.24
   22.47
   36.21
   36.33
   37.65
   46.05
   29.62
   39.97
   45.68
   17.37
   29.84
   43.58
   18.51
   18.88
   35.35
   40.53
   35.42
   28.58
   35.54
   30.58
   20.76
   34.34
   42.79
   39.73
   18.50
   21.78
   23.31
   37.64
   13.33
   31.42
   39.64
   32.98
   31.19
   26.98
   29.99
   45.87
   30.11
   38.35
   36.98
   29.46
   34.84
   40.48
   29.30
   41.66
   32.23
   23.75
   40.11
   41.53
   38.21
   25.64
   39.77
   30.91
   39.76
   26.80
   44.22
   35.57
   34.33
   29.48
   37.48
   27.84
   45.68
   24.43
   39.27
   14.84
   36.30
   31.06
   34.74
   40.37
   26.39
   28.54
   35.53
   34.33
   31.85
   37.51
   18.87
   39.59
   28.26
   41.92
   38.96
   19.06
   28.54
   31.71
   27.08
   26.09
   39.84
   23.51
   33.21
   33.05
   49.62
   31.20
   25.38
   45.09
   29.43
   21.45
   19.87
   35.11
   33.92
   35.58
   33.76
   29.87
   39.43
   32.78
   20.98
   37.58
   32.80
   34.10
   47.81
   25.90
   46.04
   37.94
   36.62
   39.40
   44.91
   32.43
   37.55
   35.04
   55.77
   26.95
   36.11
   27.34
   33.07
   34.08
   33.73
   29.34
   38.55
   28.11
   40.37
   40.28
   27.33
   41.45
   28.50
   30.82
   33.71
   50.34
   50.29
   35.16
   33.14
   35.94
   41.35
   30.01
   24.95
   26.08
   50.73
   48.32
   29.66
   28.82
   38.82
   45.77
   25.70
   48.10
   42.58
   41.48
   41.57
   42.77
   36.82
   24.88
   33.68
   45.22
   23.64
   24.42
   42.09
   32.01
   16.63
   32.27
   17.60
   29.69
   32.76
   44.42
   56.01
   33.05
   35.81
   25.48
   27.60
   37.24
   26.04
   27.71
   29.14
   42.54
   45.30
   24.57
   36.64
   40.98
   41.94
   11.15
   37.08
   36.29
   29.52
   40.01
   26.03
   41.35
   17.88
   33.46
   26.23
   29.48
   36.77
   35.64
   46.06
   50.04
   36.74
   42.79
   32.38
   35.53
   31.87
   27.70
   33.32
   45.15
   49.38
   14.89
   35.63
   39.66
   36.97
   39.86
   21.12
   43.32
   22.43
   44.37
   42.73
   14.10
   30.20
   28.17
   36.09
   20.33
   33.53
   48.58
   38.96
   41.18
   24.74
   26.37
   28.43
   28.30
   18.80
   42.16
   31.06
   25.00
   27.73
   36.50
   27.20
   29.88
   38.37
   14.57
   29.80
   31.70
   44.84
   27.46
   27.19
   38.55
   32.29
   25.88
   31.01
   32.90
   32.95
   24.08
   28.55
   37.44
   40.26
   47.92
   35.03
   35.83
   32.43
   43.12
   30.52
   34.82
   32.37
   37.13
   43.85
   20.50
   35.83
   34.19
   24.52
   32.09
   27.69
   19.43
   34.39
   37.52
   16.04
   18.10
   38.39
   41.66
   13.61
   22.19
   18.10
   35.04
   23.03
   34.44
   24.98
   43.71
   38.66
   38.06
   36.22
   17.52
   15.30
   32.35
   23.30
   28.78
   32.86
   36.16
   30.89
   20.00
   31.30
   36.63
   32.94
   30.31
   38.31
   51.30
   38.60
   37.70
   35.77
   29.55
   30.61
   40.59
   32.52
   36.98
   51.74
   34.15
   40.04
   39.67
   40.99
   35.03
   34.40
   27.86
   42.25
   36.87
   30.64
   44.77
   32.69
   45.06
   43.24
   31.24
   32.57
   32.68
   36.84
   36.87
   29.73
   19.69
   39.84
   36.74
   43.27
   42.85
   34.34
   25.84
   51.27
   32.66
   51.48
   38.02
   43.08
   42.47
   21.71
   47.16
   29.78
   50.64
   23.16
   31.21
   30.64
   48.49
   51.24
   53.52
   39.25
   40.16
   37.57
   29.08
   28.89
   25.86
   48.80
   40.00
   25.35
   31.63
   42.02
   46.30
   50.08
   23.81
   34.20
   35.82
   44.10
   29.35
   47.18
   32.67
   34.86
   20.47
   37.09
   31.54
   18.82
   44.02
   48.73
   29.56
   41.95
   38.76
   27.68
   38.43
   35.53
   38.52
   34.80
   47.58
   23.66
   27.76
   43.23
   44.12
   32.13
   15.71
   42.23
   41.73
   26.24
   26.67
   38.80
   36.20
   33.40
   39.17
   38.36
   38.55
   13.98
   21.37
   33.40
   26.95
   28.67
   33.18
   26.71
   34.91
   15.19
   32.11
   56.04
   42.91
   37.74
   50.15
   32.76
   47.53
   19.24
   33.40
   19.93
   31.31
   43.19
   24.21
   29.84
   37.72
   25.35
   26.51
   38.34
   41.06
   22.90
   44.70
   31.06
   42.05
   33.16
   28.31
   39.20
   42.04
   25.82
   31.27
   28.79
   26.95
   35.97
   26.46
   32.60
   35.19
   25.97
   44.02
   31.83
   33.19
   34.02
   41.30
   33.42
   44.18
   37.56
   39.51
   25.09
   34.20
   38.07
   41.56
   29.30
   25.28
   41.08
   35.11
   35.55
   38.83
   23.11
   38.78
   25.55
   37.86
   29.73
   32.51
   35.54
   43.00
   18.54
   35.97
   25.81
   30.64
   25.04
   40.56
   34.90
   30.79
   29.38
   15.77
   44.98
   25.67
   34.89
   27.27
   17.55
   33.61
   31.43
   34.01
   43.33
   32.62
   21.26
   27.79
   25.62
   35.87
   43.98
   34.60
   32.98
   24.47
   16.47
   43.39
   35.89
   19.44
   38.49
   40.21
   16.95
   37.63
   21.69
   30.18
   43.16
   56.44
   40.72
   37.22
   47.04
   21.78
   43.88
   44.57
   54.16
   25.56
   39.24
   49.06
   32.04
   31.11
   35.27
   18.03
   35.85
   40.84
   47.23
   44.41
   36.54
   39.41
   28.94
   37.58
   44.86
   40.98
   38.14
   37.98
   44.29
   27.66
   47.21
   34.37
   31.50
   49.79
   37.86
   22.38
   35.73
   31.89
   26.07
   32.80
   27.95
   33.66
   39.57
   42.02
   37.69
   24.13
   44.05
   13.42
   30.73
   29.77
   26.51
   36.82
   40.52
   34.06
   41.84
   34.35
   37.32
   34.89
   24.43
   37.28
   45.04
   39.24
   48.58
   34.46
   24.91
   31.86
   32.50
   30.43
   39.39
   38.65
   39.31
   35.71
   36.33
   41.72
   44.06
   28.93
   34.80
   35.96
   45.42
   29.94
   43.95
   38.61
   28.96
   36.70
   43.86
   40.49
   34.46
   32.41
   38.24
   29.51
   42.88
   45.78
   38.90
   37.75
   31.23
   41.65
   14.85
   38.27
   46.91
   46.24
   19.51
   38.59
   38.36
   30.62
   15.71
   37.22
   46.79
   42.19
   45.47
   38.40
   23.75
   35.82
   42.49
   51.84
   29.13
   39.01
   34.17
   23.39
   49.91
   33.57
   29.79
   26.30
   14.77
   29.06
   26.31
   44.67
   34.58
   33.69
   48.69
   32.34
   27.90
   24.70
   12.01
   29.49
   39.06
   33.28
   31.90
   23.88
   28.46
   39.02
   34.65
   37.61
   37.75
   34.96
   16.19
   34.13
   36.76
   35.93
   40.53
   21.35
   48.03
   41.31
   45.69
   14.86
   37.99
   23.80
   46.68
   30.94
   29.06
   36.74
   38.66
   43.48
   32.38
   23.25
   34.06
   33.56
   39.64
   38.24
   39.02
   30.81
   32.75
   25.15
   36.75
   34.41
   32.78
   18.39
   13.40
   18.82
   35.02
   37.16
   32.96
   16.92
   37.17
   39.79
   26.50
   36.03
   44.90
   32.07
   32.47
   33.92
   13.72
   39.61
   24.30
   42.23
   24.47
   42.70
   34.30
   32.76
   38.52
   41.00
   52.41
   41.59
   36.94
   41.89
   17.85
   23.23
   26.73
   38.08
   45.51
   42.01
   44.16
   49.45
   25.26
   36.45
   44.18
   38.11
   36.28
   44.39
   33.03
   18.57
   27.87
   36.69
   43.03
   35.04
   46.03
   28.06
   35.59
   32.24
   43.32
   29.45
   20.67
   47.57
   43.86
   35.03
   49.44
   43.96
   26.50
   35.30
   22.86
   34.36
   32.86
   46.78
   43.24
   35.25
   32.57
   38.67
   39.72
   33.89
   37.99
   46.60
   42.60
   25.21
   37.09
   33.11
   29.15
   34.89
   35.85
   23.51
   34.85
   37.06
   35.86
   22.35
   35.78
   50.96
   34.04
   31.48
   42.36
   36.28
   38.30
   22.12
   32.35
   35.52
   26.64
   43.76
   43.04
   45.56
   48.45
   29.04
   55.83
   28.90
   22.80
   37.39
   29.13
   41.96
   36.75
   22.79
   25.78
   35.55
   28.12
   45.17
   35.15
   19.83
   34.80
   41.30
   24.34
   39.94
   35.07
   32.40
   37.65
   38.11
   46.30
   32.40
   42.18
   39.40
   15.03
   30.40
   25.91
   40.00
   26.23
   41.10
   39.41
   29.79
   21.85
   43.05
   42.38
   31.55
   29.36
   44.00
   18.63
   30.36
   30.52
   36.39
   45.34
   28.25
   42.16
   31.00
   46.60
   19.59
   23.45
   35.20
   39.10
   34.44
   23.85
   40.07
   49.45
   42.06
   40.36
   23.54
   51.85
   33.27
   22.37
   36.15
   39.61
   33.67
   37.47
   33.19
   40.39
   47.94
   19.91
   42.83
   45.63
   25.26
   45.41
   34.81
   33.65
   30.04
   39.27
   36.41
   29.37
   25.96
   29.47
   26.81
   36.83
   26.77
   32.90
   16.86
   28.47
   17.19
   39.01
   44.19
   25.36
   15.66
   34.63
   32.56
   35.36
   22.71
   28.42
   38.51
   33.83
   40.42
   33.58
   28.66
   32.42
   38.35
   32.72
   35.08
   28.48
   43.51
   24.88
   22.14
   41.26
   35.30
   35.13
   20.25
   42.21
   31.29
   49.20
   32.65
    9.84
   32.03
   36.35
   44.31
   38.00
   38.08
   22.72
   36.94
   13.70
   39.98
   29.04
   16.23
   28.66
   39.29
   25.53
   46.33
   42.05
   50.83
   38.65
   27.22
   57.17
   50.03
   33.86
   46.39
   29.34
   39.62
   45.47
   39.72
   54.31
   22.52
   37.81
   39.60
   31.49
   39.76
   29.45
   26.79
   39.58
   33.45
   25.95
   38.95
   37.90
   33.92
   28.84
   41.33
   19.28
   41.58
   27.28
   36.45
   32.10
   37.31
   37.33
   35.58
   40.05
   55.72
   10.24
   23.97
   43.72
   32.71
   37.95
   23.35
   27.60
   32.81
   33.88
   27.02
   40.48
   36.00
   40.08
   36.71
   33.26
   24.50
   35.18
   30.94
   35.35
   20.02
   35.93
   37.70
   38.11
   45.91
   36.10
   36.10
   32.24
   32.07
   46.12
   37.80
   45.51
   37.48
   19.06
   35.85
   42.56
   25.76
   24.08
   42.21
   47.61
   34.99
   33.13
    8.08
   30.46
   40.82
   53.73
   13.07
   41.07
   22.37
   39.94
   32.47
   35.82
   33.50
   37.70
   48.76
   42.48
   34.39
   28.96
   35.92
   22.28
   37.13
   30.39
   31.74
   28.37
   44.87
   36.34
   27.23
   40.48
   30.06
   31.16
   33.57
   32.30
   37.43
   41.40
   27.41
   25.79
   30.61
   31.92
   29.08
   21.15
   43.01
   42.38
   42.36
   37.82
   17.24
   43.56
   25.40
   33.83
   48.75
   53.19
   24.34
   31.94
   24.35
   46.98
   16.84
   21.47
   32.15
   14.01
   35.41
   37.47
   48.14
   29.26
   32.91
   44.09
   31.90
   45.02
   33.46
   39.03
   26.64
   25.56
   42.62
   25.30
   38.26
   36.78
   35.80
   23.39
   36.18
   36.99
   32.67
   31.29
   24.83
   27.14
   36.26
   34.43
   27.65
   17.65
   26.78
   35.52
   18.61
   24.39
   42.03
   28.36
   28.80
   38.78
   51.05
   39.38
   32.21
   43.66
   38.31
   26.39
   16.32
   42.75
   44.76
   27.26
   28.60
   40.67
   31.72
   45.93
   39.72
   36.45
   27.90
   40.35
   29.18
   38.96
   37.44
   29.24
   51.95
   41.91
   35.42
   27.76
   32.80
   30.52
   34.83
   40.88
   28.30
   27.75
   42.04
   29.23
   27.90
   47.15
   38.63
   28.10
   53.78
   30.82
   26.29
   41.39
   43.24
   29.22
   40.19
   40.29
   38.88
   28.10
   40.79
   33.60
   29.32
   31.71
   42.71
   31.49
   34.50
   39.76
   41.56
   27.46
   40.96
   38.88
   39.76
   30.25
   45.53
   41.71
   16.89
   36.88
   47.42
   37.82
   47.83
   40.10
   41.95
   24.95
   44.00
   23.12
   35.00
   29.68
   32.97
   34.85
   46.42
   38.76
   41.18
   39.63
   19.41
   46.92
   37.54
   43.43
   41.45
   26.92
   39.15
   20.58
   22.60
   31.13
   32.58
   28.46
   35.17
   22.38
   34.19
   36.77
   20.66
   46.99
   24.97
   35.72
   39.78
   35.11
   19.86
   21.63
   46.87
   39.78
   32.44
   31.29
   31.48
   40.98
   42.15
   31.42
   31.23
   33.25
   26.64
   32.95
   49.43
   35.34
   34.21
   42.49
   16.16
   50.39
   36.20
   41.60
   33.29
   45.54
   42.90
   51.40
   24.73
   37.13
   41.84
   38.99
   44.10
   39.85
   41.00
   46.71
   35.42
   36.44
   44.51
   26.34
   35.12
   30.78
   44.36
   32.88
   41.99
   26.74
   37.15
   40.08
   36.06
   40.80
   27.16
   44.08
   28.60
   46.13
   53.99
   38.41
   38.91
   29.57
   25.27
   32.58
   38.56
   32.93
   44.70
   32.79
   25.77
   34.60
   16.50
   36.36
   33.95
   43.67
   43.05
   27.44
   36.32
   32.73
   39.59
   18.90
   20.70
   39.39
   20.53
   40.65
   25.70
   18.17
   43.45
   40.51
   47.17
   37.07
   39.55
   23.96
   30.08
   36.55
   38.25
   33.76
   30.10
   17.47
   27.95
   35.13
   42.22
   36.29
   33.66
   34.98
   26.78
   19.55
   23.57
   18.42
   33.44
   35.35
   27.94
   39.07
   44.84
   30.26
   30.71
   38.85
   38.01
   27.97
   42.73
   31.94
   23.11
   29.70
   38.90
   28.32
   22.84
   34.01
   42.61
   32.70
   44.30
   34.78
   42.80
   40.17
   42.04
   29.99
   35.61
   35.33
   53.83
   38.58
   39.97
   23.45
   24.51
   36.21
   46.27
   50.13
   37.91
   33.72
   47.97
   32.62
   31.69
   33.96
   30.73
   42.00
   36.45
   24.33
   33.77
   37.08
   37.72
   17.44
   40.12
   27.97
   33.48
   36.05
   44.09
   34.17
   25.77
   40.56
   27.20
   37.21
   19.30
   31.47
   45.22
   36.36
   43.64
   36.41
   13.20
   33.12
   38.91
   18.08
   28.62
   34.83
   38.14
   36.78
   48.97
   40.13
   37.67
   44.85
   25.63
   40.32
   43.98
   32.07
   23.12
   31.39
   37.37
   16.90
   43.19
   32.06
   31.06
   28.36
   31.26
   38.14
   36.25
   33.07
   49.19
   26.50
   51.99
   33.96
   35.74
   27.91
   38.38
   30.94
   34.49
   47.78
   37.44
   44.70
   30.37
   39.45
   41.97
   37.22
   36.76
   30.36
   41.88
   34.51
   37.44
   55.30
   40.50
   36.45
   33.62
   25.80
   28.93
   25.21
   23.77
   47.26
   35.85
   34.28
   24.05
   24.48
   38.14
   39.18
   31.33
   52.89
   34.64
   32.90
   35.73
   37.25
   28.58
   18.78
   28.39
   32.59
   30.12
   34.62
   48.84
   27.87
   30.41
   37.58
   39.53
   26.13
   35.66
   37.63
   15.69
   40.54
   21.58
   35.07
   37.87
   29.08
   43.22
   37.22
   44.67
   22.80
   44.27
   24.98
   41.68
   37.64
   37.65
   27.72
   20.89
   38.25
   34.56
   29.25
   44.06
   40.66
   43.96
   31.43
   27.84
   33.03
   36.50
   33.88
   41.42
   37.58
   34.57
   33.36
   33.97
   48.61
   40.56
   32.89
   34.14
   21.31
   36.43
   33.85
   38.81
   33.30
   15.17
   16.05
   19.75
   35.90
   47.34
   43.10
   19.21
   33.85
   32.73
   32.74
   35.44
   30.71
   38.15
   36.46
   22.19
   17.44
   20.74
   29.25
   27.91
   22.28
   38.13
   29.93
   18.44
   29.69
   32.80
   41.71
   32.38
   27.51
   34.91
   35.77
   30.41
   40.32
   32.55
   50.76
   40.25
   39.39
   25.43
   19.85
   35.00
   34.28
   45.87
   43.14
   48.19
   39.80
   29.00
   42.12
   34.04
   42.20
   27.67
   24.47
   37.01
   40.11
   32.08
   41.33
   32.18
   41.81
   47.18
   35.03
   29.67
   42.87
   36.62
   43.59
   27.74
   42.23
   28.92
   18.53
   24.92
   38.21
   32.00
   16.63
   41.63
   26.25
   40.58
   23.51
   45.49
   26.55
   44.96
   37.33
   38.97
   37.73
   41.11
   24.86
   42.76
   49.28
   34.40
   45.46
   39.85
   36.74
   32.02
   39.05
   49.44
   42.51
   30.70
   22.93
   32.60
   34.01
   40.79
   21.87
   42.10
   32.01
   52.26
   33.38
   42.94
   40.43
   29.55
   20.42
   37.09
   38.78
   31.51
   18.46
   31.28
   42.59
   33.17
   35.86
   35.96
   20.96
   29.78
   32.32
   39.86
   39.34
   32.36
   22.86
   33.05
   34.46
   43.76
   38.89
   25.93
   34.68
   43.92
   25.67
   33.00
   36.53
   33.65
   33.56
   42.58
   35.96
   38.19
   31.08
   34.87
   18.87
   27.68
   17.79
   32.35
   35.90
   41.89
   39.49
   14.18
   26.06
   17.45
   29.08
   34.41
   42.57
   21.79
   41.38
   30.51
   33.28
   50.47
   29.65
   34.15
   29.47
   52.09
   45.70
   33.50
   24.28
   32.84
   29.05
   26.60
   34.39
   43.24
   26.32
   35.71
   49.71
   46.31
   20.93
   43.95
   32.08
   29.38
   28.93
   33.91
   31.33
   39.77
   35.38
   26.25
   30.30
   37.72
   45.16
   39.74
   15.71
   25.24
   47.40
   46.37
   30.71
   29.58
   29.17
   35.73
   39.61
   17.64
   36.40
   19.70
   34.76
   25.46
   44.20
   41.65
   22.97
   35.33
   24.63
   36.96
   40.15
   23.60
   31.57
   21.91
   39.76
   42.35
   20.79
   36.51
   35.76
   19.90
   14.36
   35.78
   24.45
   31.94
   22.37
   41.66
   28.88
   37.90
   22.67
   56.08
   41.27
   38.97
   38.48
   28.50
   36.44
   34.87
   32.49
   31.14
   44.83
   40.72
   37.26
   52.48
   45.75
   33.30
   35.32
   32.14
   47.00
   28.62
   44.80
   30.44
   44.35
   36.40
   26.80
   29.19
   35.09
   39.90
   35.42
   37.87
   29.76
   31.76
   22.37
   39.87
   40.70
   33.42
   56.84
   31.51
   40.74
   50.07
   42.60
   29.00
   17.54
   36.85
   42.59
   33.39
   48.41
   50.01
   37.10
   24.54
   38.88
   22.12
   41.74
   40.10
   45.26
   25.02
   37.99
   26.71
   32.45
   42.85
   34.13
   28.32
   37.01
   47.22
   38.45
   50.30
   37.52
   38.93
   21.75
   35.87
   30.86
   30.14
   35.60
   36.55
   47.37
   42.13
   40.70
   36.21
   39.69
   33.37
   38.71
   25.17
   48.40
   33.52
   35.51
   26.84
   52.12
   36.53
   46.33
   24.69
   26.56
   36.40
   45.88
   16.06
   27.97
   32.77
   40.09
   24.81
   43.05
   37.76
   42.77
   30.56
   31.12
   34.32
   32.05
   29.06
   28.08
   26.71
   23.91
   43.39
   23.58
   37.51
   41.75
   55.80
   26.49
   38.32
   43.07
   31.64
   46.02
   30.76
   39.31
   34.79
   44.31
   45.92
   36.66
   42.63
   32.00
   33.58
   40.87
   41.99
   29.93
   41.00
   44.56
   40.62
   29.32
   42.65
   36.77
   33.06
   33.54
   35.86
   37.23
   25.43
   35.58
   26.50
   42.45
   45.46
   43.80
   36.45
   43.56
   42.74
   34.31
   42.96
   28.51
   39.28
   32.12
   40.38
   30.28
   25.97
   27.43
   38.72
   50.48
   38.65
   42.09
   49.96
   30.79
   31.75
   34.45
   33.67
   12.02
   38.15
   31.11
   25.80
   30.66
   33.29
   45.59
   36.19
   28.14
   31.14
   25.28
   27.73
   12.15
   41.22
   31.71
   56.71
   28.44
   42.48
   40.75
   34.67
   33.74
   31.37
   26.14
   45.92
   14.31
   18.88
   24.26
   44.78
   29.14
   40.07
   38.14
   26.81
   42.70
   18.62
   29.72
   32.18
   37.73
   38.04
   32.37
   35.61
   34.42
   18.56
   25.87
   39.86
   26.68
   41.76
   26.86
   38.30
   32.14
   39.74
   26.65
   28.56
   44.91
   34.55
   16.88
   29.55
   42.06
   25.26
   30.67
   49.44
   49.91
   49.61
   32.95
   31.66
   17.16
   38.67
   32.47
   32.17
   48.72
   27.89
   30.49
   45.96
   22.51
   43.96
   32.55
   31.41
   24.11
   53.74
   48.77
   42.68
   44.53
   38.84
   13.72
   42.28
   43.35
   43.03
   36.14
   26.69
   44.21
   33.34
   36.18
   12.45
   43.12
   25.52
   43.79
   34.53
   28.72
   42.05
   34.34
   37.48
   41.49
   36.24
   47.74
   24.52
   44.05
   36.60
   37.35
   43.86
   35.28
   30.05
   40.24
   31.36
   33.00
   20.64
   45.09
   38.56
   32.39
   21.42
   30.56
   45.52
   31.82
   27.66
   34.02
   33.40
   35.62
   35.15
   40.81
   30.38
   35.58
   23.98
   49.66
   40.20
   28.96
   15.45
   20.17
   39.91
   36.39
   33.49
   33.37
   38.65
   35.63
   42.47
   23.05
   39.02
   16.43
   35.98
   31.55
   17.56
   39.63
   33.90
   30.39
   45.62
   33.56
   34.14
   49.97
   49.02
   32.52
   42.57
   38.51
   33.32
   23.70
   40.92
   37.26
   31.12
   37.92
   32.09
   37.48
   33.97
   27.72
   27.29
   31.18
   27.84
   43.96
   25.91
   27.41
   37.05
   35.13
   44.43
   31.43
   26.19
   29.45
   36.28
   24.63
   35.34
   44.69
   45.57
   33.97
   38.38
   45.61
   47.38
   36.38
   23.62
   31.56
   22.82
   32.12
   42.67
   34.61
   12.91
   28.93
   43.73
   36.40
   41.52
   35.53
   33.71
   38.40
   23.77
   35.64
   42.27
   41.16
   35.42
   19.70
   22.45
   22.01
   37.64
   32.97
   44.26
   26.66
   27.05
   37.84
   28.33
   32.40
   28.71
   14.18
   40.92
   23.52
   26.37
   39.45
   40.12
   37.88
   31.66
   24.88
   19.71
   26.89
   39.33
   41.37
   38.17
   28.49
   31.78
   31.81
   40.19
   38.89
   36.73
   35.70
   35.97
   40.78
   19.57
   25.74
   13.73
   29.75
   30.71
   33.20
   22.12
   26.74
   38.66
   39.80
   38.39
   35.08
   40.40
   18.27
   28.75
   41.61
   36.40
   34.52
   44.88
   34.44
   39.59
   23.87
   33.90
   35.75
   31.30
   34.18
   36.71
   30.59
   31.82
   35.95
   28.81
   38.76
   49.27
   30.19
   26.18
   49.50
   26.13
   40.43
   37.90
   27.49
   41.81
   42.09
   44.09
   36.51
   42.19
   32.26
   44.76
   27.41
   36.26
   38.68
   34.38
   32.95
   37.41
   36.83
   20.84
   40.46
   48.27
   44.12
   43.94
   34.30
   21.08
   44.28
   42.59
   39.79
   29.74
   29.11
   36.24
   43.50
   44.81
   34.56
   44.92
   55.68
   25.74
   17.08
   38.76
   46.74
   24.38
   42.70
   39.56
   32.66
   40.11
   43.66
   37.59
   36.14
   41.15
   25.51
   24.87
   41.41
   24.66
   31.98
   62.23
   40.89
   38.95
   47.42
   51.20
   35.57
   12.04
   39.05
   29.11
   42.59
   40.74
   28.43
   43.71
   41.86
   25.20
   52.56
   44.11
   38.47
   41.62
   28.55
   39.94
   39.59
   36.82
   43.04
   18.71
   44.34
   21.49
   47.49
   18.76
   33.10
   34.44
   16.47
   31.62
   24.07
   34.09
   46.00
   27.19
   26.89
   40.19
   49.86
   32.14
   41.36
   45.54
   36.61
   41.34
   20.64
   42.35
   19.65
   44.98
   39.06
   33.78
   32.98
   39.08
   39.06
   33.19
   25.89
   47.90
   34.72
   22.05
   40.88
   34.24
   42.05
   43.62
   37.57
   27.54
   44.95
   14.09
   34.31
   30.71
   35.52
   20.38
   27.68
   29.02
   39.72
   34.19
   33.56
   19.96
   30.64
   16.94
   39.65
   29.28
   47.84
   10.19
   52.48
   44.04
   40.27
   15.82
   38.18
   37.20
   19.09
   42.30
   35.62
   35.34
   32.89
   33.97
   46.20
   45.18
   37.43
   17.62
   28.03
   40.76
   28.59
   36.95
   34.28
   39.78
   26.17
   26.35
   43.22
   38.13
   36.34
   30.37
   26.97
   25.54
   43.16
   40.91
   13.81
   27.98
   38.75
   30.50
   29.28
   31.14
   41.84
   12.59
   20.17
   21.50
   35.79
   37.70
   44.16
   44.19
   34.77
   41.86
   24.41
   36.14
   24.86
   24.86
   27.05
   16.56
   27.74
   37.82
   46.66
   32.33
   37.16
   27.03
   19.16
   32.22
   40.84
   19.52
   35.23
   49.45
   34.23
   40.60
   38.90
   35.02
   42.79
   26.76
   30.52
   25.60
   25.74
   33.68
   37.14
   48.10
   41.80
   55.49
   39.01
   25.34
   11.39
   30.73
   50.90
   20.11
   50.53
   46.99
   38.13
   32.59
   45.22
   39.54
   39.58
   34.24
   31.77
   24.58
   29.99
   35.47
   23.90
   43.23
   31.66
   35.86
   48.32
   39.14
   40.12
   35.68
   51.14
   42.35
   38.77
   33.79
   33.27
   11.35
   41.75
   34.74
   38.22
   14.84
   41.04
   23.52
   30.53
   38.37
   41.00
   34.53
   39.04
   42.00
   20.11
   39.20
   23.57
   35.10
   20.20
   40.09
   45.21
   26.60
   23.12
   45.25
   18.77
   23.18
   39.61
   38.84
   41.35
   43.77
   47.57
   29.23
   33.92
   24.37
   35.16
   44.26
   37.08
   33.45
   39.42
   29.97
   16.08
   45.85
   25.92
   39.13
   31.08
   30.50
   31.79
   26.49
   23.45
   37.74
   23.31
   34.18
   46.32
   26.92
   30.75
   44.43
   51.84
   32.64
   39.54
   30.08
   36.88
   42.39
   20.77
   30.66
   38.09
   40.12
   37.84
   23.02
   40.39
   44.09
   40.38
   38.11
   47.59
   23.27
   24.97
   22.60
   27.27
   42.59
   24.37
   38.55
   39.43
   37.59
   24.78
   24.30
   23.13
   37.72
   30.18
   39.70
   32.50
   36.16
   31.67
   40.06
   28.10
   37.29
   25.38
   31.80
   36.54
   47.45
   38.15
   34.83
   43.58
   31.98
   32.22
   41.65
   24.54
   41.70
   48.19
   36.10
   30.27
   24.63
   36.22
   40.92
   35.38
   39.37
   42.10
   35.84
   36.16
   20.23
   21.54
   33.06
   14.65
   33.09
   39.10
   48.43
   37.00
   17.91
   27.89
   31.18
   22.21
   20.93
   18.88
   37.47
   35.65
   44.14
   39.74
   31.39
   11.44
   26.25
   29.79
   31.80
   19.52
   35.61
   40.66
   25.08
   30.17
   20.27
   32.34
   43.37
   33.91
   42.30
   38.86
   31.09
   37.66
   36.27
   39.48
   23.59
   37.89
   38.79
   39.08
   22.83
   25.32
   44.66
   29.27
   40.64
   34.30
   15.31
   41.61
   37.82
   12.08
   34.91
   42.16
   18.07
   42.40
   40.33
   44.61
   38.31
   34.49
   29.04
   38.77
   37.96
   48.09
   24.52
   36.46
   30.45
   44.86
   35.46
   28.62
   23.45
   41.81
   41.11
   36.28
   26.47
   36.49
   40.48
   35.46
   40.16
   20.84
   52.48
   31.46
   37.22
   38.75
   45.66
   38.67
   24.17
   52.29
   41.10
   23.07
   34.42
   38.33
   36.77
   17.49
   31.77
   36.97
   33.33
   44.10
   36.25
   33.76
   32.40
   37.68
   34.70
   42.46
   39.81
   26.01
   38.13
   33.82
   31.05
   37.09
   35.47
   45.54
   50.39
   33.74
   31.83
   24.08
   28.17
   52.41
   36.35
   42.76
   21.78
   32.16
   35.08
   36.13
   38.45
   45.10
   29.91
   22.65
   36.69
   37.39
   47.74
   40.06
   10.26
   33.30
   42.22
   36.94
   22.84
   26.37
   45.64
   31.53
   26.47
   36.53
   40.29
   31.79
   31.86
   30.24
   37.41
   22.38
   36.83
   29.12
   33.02
   41.00
   31.13
   34.86
   41.49
   26.56
   38.00
   33.01
   31.63
   36.56
   24.25
   38.75
   39.58
   33.61
   17.62
   30.71
   55.76
   37.52
   35.37
   39.53
   32.04
   24.85
   15.96
   29.52
   31.25
   33.16
   35.62
   44.52
   43.84
   44.23
   31.21
   42.64
   51.48
   36.59
   44.38
   29.27
   19.11
   25.00
   36.44
   31.00
   22.16
   30.85
   30.59
   38.19
   32.13
   42.20
   23.05
   24.41
   32.23
   52.87
   30.89
   39.87
   26.45
   39.94
   20.12
   33.80
   35.55
   18.45
   35.44
   43.67
   40.09
   28.81
   32.94
   39.39
   31.08
   31.84
   29.28
   20.70
   48.52
   37.39
   40.22
   33.84
   31.50
   42.32
   36.00
   31.81
   36.67
   26.74
   35.63
   38.53
   24.93
   16.39
   42.38
   27.77
   30.30
   40.16
   19.47
   39.78
   22.71
   24.98
   41.56
   27.98
   12.52
   35.44
   28.07
   27.05
   37.65
   13.85
   32.74
   38.49
   28.71
   41.43
   40.14
   25.20
   30.13
   43.41
   18.09
   32.49
   35.92
   30.28
   41.37
   18.59
   30.00
   35.42
   17.99
   40.76
   33.95
   30.30
   48.29
   54.45
   48.09
   51.39
   36.75
   49.64
   31.46
   35.75
   53.14
   34.67
   33.16
   18.24
   51.57
   36.43
   36.49
   36.88
   46.94
   41.94
   44.17
   32.95
   29.03
   33.00
   49.58
   28.52
   48.28
   45.76
   32.63
   27.08
   52.39
   33.19
   36.91
   40.83
   29.15
   38.41
   35.65
   38.93
   47.77
   45.18
   41.21
   45.56
   29.84
   24.67
   44.03
   21.97
   18.63
   21.66
   39.28
   41.00
   43.80
   28.13
   10.58
   15.08
   32.23
   48.69
   16.73
   34.13
   39.92
   33.85
   37.55
   39.33
   44.25
   39.69
   14.85
   40.19
   46.25
   31.14
   26.72
   37.51
   38.52
   41.57
   35.70
   25.60
   45.22
   21.65
   40.11
   38.09
   38.48
   27.64
   38.46
   25.43
   14.99
   47.29
   44.27
   35.31
   50.87
   41.88
   21.91
   34.42
   23.80
   40.29
   31.29
   26.16
   42.69
   29.41
   30.12
   50.78
   44.06
   25.94
   36.43
   44.83
   39.94
   20.38
   36.86
   34.59
   34.33
   40.30
   38.20
   39.18
   35.69
   45.75
   43.54
   31.06
   23.44
   26.60
   38.02
   35.55
   28.70
   36.29
   35.84
   49.87
   27.12
   26.23
   32.81
   23.39
   30.18
   26.18
   24.08
   28.14
   37.40
   20.93
   41.29
   21.84
   25.53
   18.77
   23.36
   23.40
   33.91
   35.47
   29.63
   28.92
   41.02
   22.38
   39.75
   39.00
   40.61
   39.28
   42.93
   33.04
   28.78
   41.33
   40.36
   29.11
   38.07
   27.44
   27.36
   47.61
   44.18
   33.65
   32.94
   40.84
   37.81
   22.30
   39.17
   36.69
   43.46
   31.66
   28.86
   41.42
   25.27
   30.88
   29.57
   31.11
   31.80
   30.09
   28.01
   26.53
   33.30
   42.63
   39.34
   33.22
   28.01
   28.39
   27.70
   38.29
   18.57
   34.35
   37.37
   21.76
   30.36
   41.22
   28.51
   27.51
   36.19
   39.06
   12.69
   20.29
   37.03
   42.84
   18.14
   39.33
   38.69
   30.59
   25.05
   32.27
   18.43
   29.38
   42.35
   19.86
   36.12
   34.04
   20.59
   51.29
   40.20
   31.95
   39.82
   20.16
   39.91
   39.85
   41.37
   27.05
   38.41
   52.52
   28.87
   27.65
   32.74
   51.26
   31.73
   35.25
   45.83
   39.87
   56.32
   36.23
   52.44
   35.43
   43.37
   35.03
   48.77
   35.37
   34.09
   33.12
   48.67
   46.97
   27.68
   36.02
   34.91
   42.65
   35.26
   25.38
   34.10
   36.48
   42.06
   22.27
   39.81
   29.19
   45.47
   37.69
   38.57
   39.62
   36.66
   34.12
   43.34
   42.10
   48.45
   38.52
   23.45
   28.85
   39.88
   33.05
   45.76
   18.24
   37.75
   27.31
   44.13
   22.36
   35.88
   44.79
   40.77
   31.71
   37.23
   53.31
   28.54
   44.30
   30.89
   32.02
   49.56
   20.93
   43.02
   42.70
   32.51
   45.42
   42.49
   36.85
   28.39
   26.50
   37.65
   45.34
   42.79
   42.30
   21.51
   33.43
   19.01
   37.99
   45.34
   28.79
   43.60
   20.45
   50.11
   37.73
   33.20
   32.66
   35.73
   34.91
   39.49
   25.31
   16.70
   37.51
   36.21
   27.46
   41.22
   48.22
   26.99
   38.91
   40.13
   32.54
   32.15
   28.88
   39.85
   32.39
   30.99
   32.43
   45.24
   28.69
   40.08
   24.62
   33.74
   26.54
   36.72
   48.23
   32.77
   25.56
   37.48
   32.44
   18.19
   29.19
   44.46
   40.15
   25.01
   28.64
   23.10
   37.35
   30.16
   42.04
   21.04
   29.35
   33.36
   32.01
   26.33
   38.85
   30.83
   25.63
   33.69
   34.11
   37.88
   28.30
   38.61
   35.54
   31.69
   39.58
   33.95
   26.29
   39.11
   44.89
   32.40
   29.64
   34.24
   40.24
   41.16
   37.86
   33.15
   33.46
   23.26
   45.84
   31.75
   32.24
   37.41
   24.97
   35.81
   34.48
   36.72
   33.37
   31.10
   33.88
   38.60
   28.06
   44.03
   17.21
   43.63
   34.32
   31.20
   30.81
   33.23
   34.69
   28.86
   44.64
   44.58
   39.02
   28.21
   33.22
   38.56
   38.48
   17.43
   27.51
   39.23
   33.66
   36.01
   35.20
   25.87
   28.45
   41.76
   50.37
   29.20
   19.04
   33.17
   49.04
   35.33
   21.19
   32.94
   57.38
   20.23
   44.90
   30.57
   24.59
   19.43
   27.70
   32.25
   47.73
   39.74
   50.34
   38.64
   38.05
   39.12
   26.90
   36.48
   44.43
   31.16
   49.74
   40.51
   46.30
   31.92
   33.71
   40.10
   34.02
   29.55
   37.24
   36.98
   55.70
   44.95
   43.58
   37.85
   30.74
   41.47
   44.50
   21.55
   35.12
   28.46
   35.63
   54.03
   31.96
   33.91
   50.42
   34.42
   42.65
   28.53
   24.23
   22.40
   42.11
   27.27
   40.63
   38.52
   39.13
   22.87
   31.25
   39.32
   41.66
   32.13
   32.74
   30.68
   37.05
   39.50
   16.75
   44.95
   34.81
   29.74
   23.91
   42.91
   33.23
   35.66
   39.30
   37.02
   36.88
   33.23
   28.12
   42.07
   44.30
   22.67
   39.10
   40.10
   32.42
   32.61
   36.83
   47.37
   39.37
   43.63
   40.27
   35.30
   26.82
   37.65
   48.10
   45.58
   26.79
   34.03
   15.08
   30.09
   39.42
   26.26
   39.62
   29.34
   16.49
   35.77
   40.79
   19.09
   45.51
   41.32
   36.95
   30.51
   40.89
   36.41
   37.77
   31.06
   39.42
   33.67
   23.08
   46.50
   46.09
   45.55
   42.99
   36.66
   31.73
   21.02
   42.87
   41.90
   41.72
   36.34
   34.25
   38.74
   42.89
   47.33
   42.69
   18.36
   38.99
   33.87
   28.64
   31.68
   25.24
   33.23
   39.69
   30.50
   27.26
   15.99
   32.66
   42.67
   36.70
   42.15
   32.61
   30.88
   41.64
   38.87
   28.58
   26.32
   33.39
   39.91
   33.79
   26.77
   28.91
   28.65
   19.36
   40.04
   28.25
   27.43
   32.04
   30.17
   40.27
   29.28
   39.04
   19.72
   28.09
   50.44
   30.53
   43.34
   39.63
   32.50
   44.61
   14.62
   38.82
   29.08
   34.49
   31.38
   39.28
   45.81
   31.23
   35.79
   33.00
   42.73
   18.61
   33.76
   18.99
   36.25
   31.24
   32.89
   39.62
   43.67
   47.13
   24.30
   24.80
   40.41
   35.35
   46.09
   39.72
   49.41
   24.04
   41.34
   53.37
   36.17
   36.63
   30.90
   37.41
   34.65
   36.07
   46.58
   40.80
   37.58
   16.41
   40.45
   22.02
   39.16
   61.98
   36.66
   31.86
   30.52
   38.13
   30.71
   41.37
   35.69
   43.11
   49.35
   26.90
   37.19
   35.15
   46.93
   42.26
   44.90
   35.55
   46.68
   25.73
   28.53
   36.55
   41.27
   39.00
   36.58
   42.12
   41.43
   33.77
   46.98
   28.00
   47.19
   32.79
   48.42
   28.09
   16.52
   31.30
   13.93
   48.40
   37.35
   31.74
   40.14
   46.79
   42.54
   32.06
   25.95
   31.18
   47.61
   32.86
   20.58
   24.85
   33.95
   39.74
   34.95
   19.94
   35.19
   40.85
   49.78
   39.87
   29.84
   29.74
   43.12
   35.71
   38.63
   39.07
   34.88
   30.71
   21.15
   19.96
   48.77
   15.22
   49.77
   40.86
   34.60
   41.17
   39.25
   45.20
   36.10
   39.60
   27.96
   22.08
   32.84
   31.18
   21.63
   39.78
   33.89
   32.48
   28.33
   34.39
   36.95
   31.04
   33.33
   35.58
   42.25
   39.45
   35.35
   26.47
   35.05
   33.62
   33.45
   41.95
   43.12
   44.11
   44.96
   37.20
   56.25
   34.70
   39.06
   36.77
   36.38
   29.75
   49.28
   28.90
   31.26
   20.88
   40.37
   31.78
   42.64
   37.65
   24.72
   40.63
   33.09
   40.25
   30.57
   33.72
   46.00
   40.83
   45.05
   31.04
   39.41
   36.97
   40.70
   27.62
   26.40
   36.58
   44.87
   25.51
   31.64
   24.19
   28.23
   34.55
   34.57
   22.35
   22.82
   40.46
   30.45
   20.00
   43.49
   37.77
   33.83
   38.04
   43.48
   35.91
   31.11
   18.29
   40.73
   46.95
   29.12
   27.95
   39.43
   28.39
   47.56
   28.36
   29.69
   30.98
   29.53
   32.65
   43.37
   21.62
   24.83
   44.95
   31.20
   29.49
   40.61
   13.52
   46.85
   16.32
   24.83
   31.14
   46.63
   13.36
   18.45
   40.82
   35.19
   27.33
   40.69
   41.74
   33.19
   35.38
   29.68
   45.21
   34.64
   29.22
   26.46
   12.04
   24.31
   29.71
   38.28
   38.62
   29.35
   26.57
   20.41
   31.77
   38.96
   41.63
   43.57
   36.06
   31.87
   36.62
   38.20
   30.42
   58.70
   26.36
   41.72
   44.86
   44.93
   45.61
   42.30
   38.36
   29.08
   26.04
   42.35
   39.91
   38.35
   12.48
   41.95
   18.63
   39.24
   43.44
   31.11
   40.31
   15.79
   51.12
   49.06
   20.74
   38.43
   52.88
   36.55
   39.78
   28.59
   30.51
   30.56
   32.64
   39.13
   17.65
   31.17
   31.70
   40.35
   33.81
   36.62
   38.98
   37.37
   28.27
   44.32
   44.67
   34.57
   41.38
   45.83
   36.94
   35.26
   38.04
   50.46
   36.91
   36.52
   42.40
   33.34
   48.18
   45.80
   24.05
   24.56
   34.60
   31.54
   41.70
   56.43
   38.20
   39.86
   29.75
   27.56
   25.13
   40.88
   40.59
   34.40
   41.92
   36.96
   43.01
   17.12
   52.08
   36.99
   28.21
   44.05
   49.06
   20.19
   33.10
   36.90
   39.48
   43.22
   40.66
   31.47
   28.14
   41.12
   39.99
   34.98
   48.70
   41.48
   42.30
   41.07
   29.23
   34.23
   42.49
   38.63
   39.21
   26.08
   46.51
   46.97
   38.83
   23.53
   35.29
   19.33
   39.32
   25.99
   25.55
   37.26
   43.85
   32.31
   41.02
   17.05
   40.17
   41.42
   39.00
   24.74
   23.84
   40.89
   45.44
   29.51
   15.58
   35.72
   21.45
   49.33
   34.35
   45.45
   22.55
   33.14
   33.97
   31.11
   37.32
   35.17
   34.40
   40.64
   23.21
   17.38
   49.24
   26.21
   31.92
   40.64
   28.79
   38.25
   37.20
   26.67
   49.80
   25.46
   36.43
   33.43
   16.69
   31.80
   29.36
   25.61
   41.03
   43.93
   35.24
   37.50
   25.85
   35.68
   31.78
   30.86
   30.74
   36.82
   46.10
   36.90
   35.74
   21.37
   36.04
   37.12
   41.16
   47.16
   34.82
   29.21
   37.25
   30.56
   25.31
   40.04
   42.14
   31.59
   32.00
   30.16
   28.48
   29.99
   32.27
   35.68
   36.96
   33.07
   38.44
   27.10
   33.18
   31.36
   36.24
   38.47
   28.50
   33.26
   39.09
   42.43
    9.77
   34.88
   32.95
   24.27
   25.90
   21.21
   35.18
   22.52
   36.04
   40.23
   37.97
   39.48
   30.08
   43.16
   39.26
   46.16
   19.65
   34.11
   36.00
   29.21
   39.70
   33.49
   44.95
   47.27
   30.39
   44.83
   39.85
   19.06
   34.74
   34.44
   27.89
   55.50
   36.76
   35.92
   51.31
   43.85
   45.92
   36.99
   40.28
   42.89
   45.61
   44.39
   19.52
   43.36
   46.41
   47.94
   40.00
   33.64
   29.43
   38.69
   38.83
   43.38
   52.96
   31.29
   26.18
   30.77
   44.24
   21.12
   28.51
   27.97
   22.10
   31.74
   35.73
   37.18
   27.99
   48.23
   36.95
   12.42
   30.09
   41.48
   40.23
   30.70
   34.74
   48.60
   26.23
   48.51
   32.75
   33.25
   16.46
   29.57
   46.28
   36.29
   39.59
   28.10
   33.30
   16.26
   37.02
   26.25
   39.57
   20.43
   37.64
   40.12
   38.20
   43.01
   40.42
   32.99
   37.93
   34.89
   32.73
   39.49
   36.17
   32.58
   42.92
   35.61
   38.89
   39.81
   40.64
   32.40
   53.36
   13.93
   41.13
   44.17
   49.36
   31.48
   33.37
   31.50
   42.02
   25.66
   32.84
   49.91
   12.82
   34.21
   43.91
   34.69
   34.39
   25.17
   35.11
   23.88
   42.24
   37.68
   37.64
   34.54
   14.75
   33.53
   36.92
   30.09
   29.74
   28.55
   32.77
   42.28
   34.28
   45.51
   40.21
   39.23
   36.14
   34.74
   32.55
   41.58
   36.66
   38.13
   32.82
   40.48
   22.69
   33.64
   40.19
   38.60
   39.59
   15.51
   30.09
   41.15
   35.63
   34.60
   25.52
   41.77
   31.68
   38.76
   35.40
   32.55
   15.57
   27.94
   36.99
   26.46
   38.77
   35.30
   37.24
   18.30
   35.35
   23.02
   33.70
   48.11
   34.42
   35.57
   42.22
   34.88
   30.30
   28.29
   38.33
   28.75
   39.09
   29.75
   29.16
   32.01
   38.26
   46.64
   18.85
   36.52
   35.64
   27.22
   34.50
   30.41
   31.96
   36.02
   35.39
   35.66
   36.63
   37.84
   46.68
   35.24
   41.13
   37.50
   36.28
   27.71
   29.18
   30.25
   39.66
   35.41
   38.78
   32.45
   34.60
   33.37
   32.15
   35.42
   28.61
   31.36
   28.25
   35.44
   40.52
   42.79
   32.08
   49.78
   38.41
   24.20
   39.27
   46.51
   41.64
   15.51
   27.66
   27.33
   27.69
   31.66
   33.29
   35.15
   47.37
   28.61
   33.46
   38.62
   30.58
   30.03
   29.29
   29.90
   34.18
   40.07
   38.01
   30.74
   34.84
   47.32
   39.79
   30.94
   47.39
   38.30
   37.13
   37.48
   45.88
   25.16
   48.83
   32.18
   53.98
   23.79
   45.69
   23.37
   38.94
   41.63
   57.04
   40.32
   36.00
   48.91
   30.95
   34.93
   40.37
   31.33
   38.57
   31.20
   38.95
   47.95
   23.61
   43.51
   45.77
   42.47
   33.83
   36.33
   36.55
   47.49
   33.56
   26.79
   32.62
   30.90
   34.52
   29.51
   38.81
   34.51
   48.24
   28.15
   49.89
   37.26
   23.83
   39.59
   31.10
   48.67
   38.20
   38.27
   52.16
   35.40
   43.32
   37.65
   34.46
   38.39
   30.59
   26.13
   21.50
   36.68
   17.99
   45.44
   37.89
   36.26
   34.64
   33.61
   37.21
   34.00
   47.60
   28.33
   28.50
   37.35
   40.35
   39.95
   18.85
   14.19
   32.52
   43.21
   34.06
   35.59
   19.46
   35.19
   40.90
   43.07
   26.81
   39.95
   36.02
   35.41
   29.12
   26.88
   26.38
   40.27
   41.23
   21.68
   28.77
   35.59
   36.32
   15.73
   32.75
   29.54
   36.25
   40.11
   17.69
   49.57
   39.89
   31.41
   19.83
   41.61
   44.22
   28.24
   34.54
   21.67
   33.00
   48.27
   26.43
   38.38
   15.89
   40.46
   40.01
   25.74
   19.98
   36.78
   41.07
   40.10
   43.26
   32.71
   48.12
   24.14
   39.94
   39.08
   35.74
   20.91
   33.99
   39.56
   35.33
   23.43
   44.68
   44.60
   36.84
   34.44
   33.50
   36.94
   34.72
   38.23
   18.44
   43.94
   29.77
   38.78
   28.98
   33.58
   45.08
   15.45
   38.64
   39.79
   38.17
   32.30
   34.13
   47.19
   24.90
   29.62
   33.70
